7.209981 0.024207
7.626868 0.418658
7.937101 0.562586
8.189409 0.691747
8.402710 0.818246
8.600267 0.883457
8.775311 0.997080
8.937011 1.079361
9.093486 1.115403
9.243099 1.166566
9.375723 1.315996
9.506356 1.336054
9.628027 1.434460
9.737701 1.591378
9.861453 1.410355
9.972164 1.576472
10.083752 1.564076
10.183510 1.749568
10.286312 1.697753
10.381074 1.841811
10.481797 1.732789
10.573548 1.902248
10.658350 2.058123
10.751011 1.883574
10.833421 2.117866
10.934555 1.725754
11.013488 2.211150
11.096260 2.108611
11.175057 2.214955
11.252793 2.245201
11.337686 2.055912
11.417290 2.192512
11.494226 2.268562
11.564993 2.466304
11.646790 2.133730
11.714515 2.577086
11.792371 2.241740
11.861251 2.533869
11.933956 2.400553
12.002754 2.536908
12.073549 2.465325
12.140414 2.610217
12.207335 2.608036
12.276098 2.538181
12.340946 2.691428
12.408764 2.573530
12.470773 2.814643
12.536761 2.644951
12.599218 2.794445
12.657017 3.019622
12.724926 2.570115
12.782767 3.017471
12.846311 2.746634
12.904931 2.977382
12.963713 2.969146
13.021671 3.011379
13.083417 2.826613
13.141288 3.015891
13.193095 3.368932
13.251985 2.963711
13.305869 3.239031
13.370865 2.685287
13.421582 3.441269
13.476370 3.185605
13.532196 3.126401
13.584084 3.363654
13.641978 3.014677
13.697795 3.126911
13.749693 3.362960
13.801476 3.370455
13.854464 3.293845
13.907263 3.305610
13.958112 3.432404
14.010926 3.304640
14.061809 3.430090
14.112563 3.438774
14.166551 3.232851
14.218384 3.367171
14.263274 3.888048
14.314165 3.429530
14.368022 3.240667
14.412862 3.892349
14.462742 3.499063
14.513629 3.429834
14.559501 3.804789
14.603501 3.966648
14.652239 3.581029
14.701125 3.570210
14.749930 3.576143
14.793248 4.029090
14.838291 3.874841
14.884944 3.741095
14.930464 3.834144
14.975396 3.884422
15.019206 3.983851
15.069131 3.495867
15.109077 4.369211
15.161922 3.302789
15.205886 3.969878
15.245739 4.379362
15.290500 3.899236
15.335492 3.879199
15.379277 3.986181
15.423403 3.955340
15.469067 3.822037
15.509931 4.271078
15.551888 4.159834
15.596742 3.891169
15.635646 4.486154
15.681499 3.806408
15.724346 4.073427
15.768252 3.975095
15.805210 4.722531
15.848101 4.069144
15.892979 3.889053
15.930822 4.612124
15.975653 3.893078
16.016589 4.263618
16.058556 4.158744
16.095352 4.743322
16.141304 3.798166
16.173301 5.454580
16.221178 3.645497
16.258969 4.618324
16.300820 4.170360
16.335754 4.996090
16.379675 3.973747
16.417520 4.611819
16.457369 4.379835
16.495368 4.593153
16.534226 4.491545
16.574149 4.371706
16.606986 5.315179
16.650830 3.980753
16.690856 4.360500
16.725768 4.999253
16.768213 4.111901
16.802316 5.117817
16.843902 4.196905
16.880944 4.711783
16.915987 4.980564
16.953825 4.612648
16.996892 4.052609
17.028737 5.480667
17.067615 4.489270
17.102588 4.990419
17.143435 4.272856
17.178375 4.995261
17.217211 4.494078
17.255169 4.598029
17.288065 5.305694
17.323980 4.859624
17.360878 4.730120
17.397713 4.738172
17.437725 4.362091
17.471633 5.147249
17.508466 4.738416
17.540437 5.459221
17.579346 4.485612
17.611179 5.482767
17.648074 4.730543
17.680910 5.315211
17.716905 4.848837
17.750850 5.141745
17.789763 4.485128
17.823775 5.131586
17.857504 5.174474
17.890412 5.303759
17.921423 5.627952
17.966245 3.893990
17.996218 5.822927
18.028971 5.328713
18.063017 5.126506
18.094795 5.492204
18.131755 4.722186
18.165756 5.133231
18.201642 4.863524
18.233483 5.481407
18.268351 5.005447
18.299390 5.623056
18.331193 5.488008
18.371185 4.364109
18.400050 6.046650
18.435060 4.985216
18.470950 4.863037
18.503797 5.313528
18.530734 6.479180
18.567607 4.733366
18.602585 4.989791
18.632528 5.828839
18.665390 5.311038
18.699314 5.144867
18.734204 5.002391
18.763473 5.963023
18.798748 4.947723
18.830991 5.413166
18.870396 4.429230
18.899134 6.073140
18.937291 4.574050
18.971741 5.066268
19.005666 5.144670
19.040533 5.005763
19.073526 5.289999
19.108334 5.014075
19.137475 5.989215
19.182164 3.905544
19.215061 5.305371
19.246900 5.481768
19.280899 5.133427
19.315740 5.009441
19.358730 4.059849
19.392503 5.167901
19.430405 4.604823
19.464396 5.134635
19.502250 4.610686
19.540255 4.592367
19.576995 4.750475
19.609962 5.294171
19.649840 4.376705
19.688806 4.479085
19.721699 5.306178
19.760590 4.487734
19.796385 4.875875
19.839390 4.058405
19.879227 4.381154
19.918193 4.479177
19.952121 5.144139
19.994995 4.070900
20.033794 4.498294
20.067667 5.152628
20.111585 3.974109
20.152578 4.257596
20.193503 4.264733
20.228243 5.023860
20.270338 4.146187
20.308180 4.612161
20.352090 3.974824
20.394958 4.071365
20.435739 4.279803
20.473732 4.593721
20.514503 4.280852
20.559503 3.878492
20.603504 3.966549
20.642309 4.497703
20.688172 3.805594
20.725084 4.728249
20.770921 3.807728
20.819100 3.622616
20.859692 4.299677
20.904472 3.897512
20.948742 3.942518
20.990831 4.146680
21.039685 3.572607
21.085553 3.805055
21.129432 3.977587
21.176211 3.731034
21.219178 4.062013
21.268028 3.572812
21.312904 3.889226
21.359811 3.720845
21.412655 3.302783
21.461502 3.573068
21.509344 3.648103
21.559288 3.494607
21.606190 3.721194
21.652018 3.808467
21.702839 3.434261
21.753885 3.419097
21.804685 3.435694
21.853565 3.570663
21.907367 3.244004
21.955282 3.642515
22.009083 3.244082
22.058955 3.499589
22.111749 3.305942
22.168631 3.068301
22.218464 3.502413
22.283312 2.691391
22.331168 3.647089
22.388057 3.067950
22.447857 2.918577
22.503891 3.114768
22.561614 3.023634
22.623451 2.822490
22.678277 3.183391
22.738216 2.911818
22.804110 2.648696
22.863462 2.940671
22.924196 2.873689
22.987486 2.757705
23.050040 2.790121
23.118954 2.532594
23.184730 2.653436
23.247440 2.783184
23.313325 2.649050
23.385094 2.431867
23.455120 2.492430
23.527767 2.402456
23.600549 2.398046
23.677406 2.270861
23.750138 2.399672
23.819023 2.533685
23.902790 2.083552
23.983587 2.160149
24.062393 2.214719
24.139119 2.274762
24.228985 1.942148
24.312737 2.083918
24.402486 1.944676
24.493250 1.922925
24.580976 1.989521
24.680730 1.749632
24.770738 1.939095
24.886215 1.511405
24.981846 1.825068
25.093548 1.562494
25.205214 1.562989
25.320327 1.516184
25.448582 1.360827
25.584228 1.286674
25.720154 1.284035
25.867455 1.184872
26.038043 1.023125
26.215462 0.983731
26.416970 0.866136
26.655363 0.732121
26.961523 0.570072
27.431247 0.371565
28.691879 0.138449
29.081606 0.447834
29.379716 0.585465
29.631108 0.694264
29.831605 0.870504
30.047998 0.806553
30.221508 1.005895
30.386102 1.060388
30.541681 1.121828
30.695368 1.135634
30.827106 1.324852
30.958811 1.325180
31.086297 1.369039
31.199028 1.548226
31.325649 1.378383
31.431334 1.651440
31.542279 1.573154
31.648868 1.637432
31.745532 1.805574
31.848306 1.698222
31.939114 1.921989
32.034794 1.824134
32.129614 1.840684
32.219360 1.944735
32.308118 1.966391
32.400825 1.882635
32.475637 2.332950
32.557424 2.133978
32.640204 2.108405
32.722047 2.132531
32.799718 2.247091
32.879283 2.193578
32.959651 2.171680
33.031561 2.427092
33.109369 2.243126
33.178075 2.540279
33.253859 2.303028
33.323656 2.500590
33.396433 2.398195
33.465369 2.531789
33.533132 2.575668
33.610937 2.243207
33.673732 2.779381
33.741654 2.569604
33.807380 2.655475
33.873299 2.647680
33.934035 2.873670
34.002908 2.534105
34.066663 2.737574
34.124596 3.012679
34.192342 2.576284
34.247240 3.179216
34.311103 2.732931
34.375949 2.691482
34.429829 3.239314
34.489676 2.916299
34.547396 3.023775
34.605431 3.007405
34.662144 3.077449
34.719022 3.068576
34.778828 2.918308
34.836179 3.043225
34.889765 3.257044
34.941147 3.396792
34.994978 3.242256
35.052922 3.012060
35.103920 3.422369
35.160631 3.077601
35.214550 3.236959
35.264399 3.501232
35.318173 3.245651
35.368126 3.493922
35.424959 3.071016
35.472934 3.637990
35.526725 3.244613
35.578551 3.367704
35.626454 3.643443
35.680237 3.245120
35.726220 3.795663
35.779968 3.247227
35.827940 3.638202
35.876773 3.574114
35.924689 3.642484
35.976468 3.370728
36.023387 3.719853
36.067192 3.984324
36.119069 3.364367
36.164985 3.801135
36.215880 3.429261
36.261762 3.803919
36.306585 3.893816
36.357427 3.432897
36.402318 3.887927
36.446167 3.980290
36.497169 3.422060
36.540995 3.982388
36.587929 3.718744
36.632743 3.894607
36.673701 4.261235
36.716460 4.081820
36.764378 3.642332
36.809523 3.866044
36.853574 3.961993
36.899432 3.805993
36.943900 3.924919
36.982142 4.563919
37.027452 3.851965
37.072329 3.889096
37.110141 4.615808
37.154357 3.947298
37.196048 4.186365
37.240871 3.893851
37.278817 4.599423
37.326562 3.655545
37.365579 4.473196
37.404487 4.485820
37.451331 3.725849
37.490392 4.468157
37.530076 4.398068
37.571063 4.258313
37.615896 3.892974
37.654803 4.485889
37.692651 4.611429
37.734585 4.162066
37.773444 4.491395
37.813260 4.383476
37.856371 4.048464
37.894157 4.619057
37.932965 4.497344
37.975941 4.061115
38.010807 5.005791
38.047662 4.735678
38.091685 3.964594
38.132531 4.272971
38.168418 4.863348
38.201318 5.305000
38.242281 4.260746
38.279147 4.734329
38.316050 4.729467
38.356972 4.265046
38.395788 4.496359
38.432661 4.733340
38.473745 4.248197
38.512442 4.510244
38.550397 4.598417
38.587406 4.715972
38.626101 4.510466
38.665002 4.486581
38.705024 4.360957
38.745923 4.267444
38.784741 4.496151
38.825944 4.235907
38.862427 4.783926
38.904669 4.131778
38.949790 3.868083
38.983947 5.109831
39.030174 3.775554
39.067087 4.728211
39.109961 4.070815
39.149880 4.372166
39.194734 3.891177
39.240567 3.807977
39.277511 4.724307
39.322529 3.876898
39.362382 4.379494
39.407219 3.892566
39.449039 4.173462
39.499021 3.491895
39.538971 4.368806
39.585730 3.732630
39.628560 4.074987
39.672580 3.964837
39.718376 3.811137
39.762218 3.980962
39.812170 3.494013
39.857130 3.881943
39.902786 3.822748
39.951755 3.564144
39.998530 3.731345
40.047459 3.567080
40.097332 3.499568
40.141265 3.972689
40.192108 3.432755
40.239970 3.646609
40.289927 3.493670
40.340666 3.439811
40.390532 3.500039
40.445465 3.177167
40.495330 3.500165
40.546192 3.431445
40.602054 3.124381
40.655934 3.239302
40.706652 3.441215
40.756726 3.485514
40.818615 2.820110
40.871463 3.302508
40.926953 3.145332
40.982013 3.169879
41.040316 2.993529
41.094197 3.239205
41.150992 3.073028
41.208873 3.015401
41.268762 2.914249
41.329581 2.869725
41.392393 2.778642
41.456299 2.731105
41.512060 3.130040
41.573906 2.822057
41.640774 2.610096
41.701546 2.871911
41.767431 2.649062
41.837356 2.496027
41.903030 2.657533
41.970905 2.571418
42.037781 2.609764
42.110508 2.399847
42.180284 2.501353
42.252149 2.428609
42.325877 2.367254
42.403795 2.239956
42.475520 2.433349
42.562239 2.012624
42.641130 2.212344
42.721851 2.162164
42.803625 2.134351
42.893883 1.933699
42.977282 2.092759
43.072315 1.836543
43.161987 1.946357
43.250755 1.966174
43.357529 1.634598
43.453564 1.817392
43.560965 1.625045
43.665686 1.666658
43.774476 1.604313
43.893099 1.471316
44.007818 1.521403
44.135447 1.367496
44.263105 1.367199
44.405718 1.223820
44.558367 1.143363
44.722902 1.060765
44.882191 1.095695
45.073511 0.912256
45.298702 0.775045
45.564201 0.657377
45.948115 0.454615
46.721173 0.225769
47.372748 0.267863
47.709814 0.517800
47.980123 0.645679
48.193605 0.817552
48.374085 0.967050
48.568583 0.897352
48.732194 1.066753
48.889212 1.111547
49.028975 1.248775
49.171515 1.224447
49.293246 1.433758
49.426822 1.306621
49.542546 1.508192
49.658270 1.508181
49.771035 1.547757
49.873636 1.701081
49.992331 1.470437
50.086124 1.860815
50.185809 1.750855
50.284488 1.768685
50.380142 1.824637
50.475054 1.838886
50.570080 1.836690
50.657525 1.995914
50.743312 2.034491
50.832160 1.964388
50.918693 2.016971
51.000954 2.121682
51.078940 2.238000
51.160743 2.133584
51.242666 2.130443
51.321434 2.215793
51.398234 2.272576
51.473079 2.331900
51.542786 2.503818
51.618620 2.301525
51.693392 2.334192
51.762122 2.539411
51.833959 2.429558
51.905916 2.425527
51.968648 2.782208
52.040475 2.429904
52.108280 2.574031
52.177102 2.535990
52.233976 3.068765
52.301762 2.574790
52.361563 2.918523
52.425463 2.731375
52.487357 2.819859
52.548048 2.875763
52.613928 2.649247
52.671801 3.015792
52.739655 2.572183
52.792503 3.302533
52.850400 3.014537
52.909021 2.977326
52.966875 3.016767
53.029072 2.806171
53.084957 3.123022
53.140876 3.121196
53.195725 3.182079
53.254626 2.963147
53.308435 3.243552
53.363244 3.184379
53.421131 3.015052
53.475907 3.186344
53.525820 3.496715
53.581561 3.131130
53.635549 3.232839
53.687425 3.364393
53.736297 3.571218
53.790112 3.243250
53.842954 3.302920
53.892805 3.501078
53.946737 3.236136
53.997535 3.435877
54.040482 4.063886
54.096371 3.122827
54.146135 3.507234
54.194075 3.640669
54.238982 3.886516
54.290797 3.368386
54.337635 3.726342
54.387462 3.502743
54.435386 3.641854
54.479347 3.970176
54.529106 3.507579
54.571039 4.162245
54.624892 3.240884
54.665742 4.272553
54.714633 3.569845
54.760510 3.804325
54.803584 4.051923
54.851514 3.641436
54.898036 3.751645
54.941674 3.999572
54.983747 4.148326
55.029224 3.837845
55.074206 3.880027
55.118096 3.976617
55.162926 3.893156
55.205838 4.067314
55.248763 4.065997
55.293641 3.889018
55.335528 4.166717
55.378429 4.068310
55.424169 3.815770
55.468161 3.967334
55.513062 3.887061
55.552978 4.372505
55.596831 3.979981
55.639766 4.065031
55.681541 4.177988
55.726381 3.892358
55.776318 3.495041
55.818245 4.162751
55.862139 3.976282
55.910956 3.575220
55.950829 4.377199
55.998660 3.648980
56.047544 3.570371
56.093488 3.798777
56.143376 3.498474
56.181207 4.613477
56.238129 3.066198
56.283006 3.889166
56.331746 3.580860
56.378650 3.721122
56.425579 3.719045
56.478460 3.300460
56.529317 3.431850
56.581091 3.371080
56.633062 3.358249
56.686884 3.242768
56.735815 3.566956
56.785639 3.502954
56.840411 3.186565
56.895080 3.192539
56.946615 3.386681
57.005773 2.950284
57.060180 3.207937
57.109153 3.563846
57.168907 2.920843
57.229804 2.866058
57.281572 3.371399
57.340459 2.963862
57.403487 2.769164
57.458173 3.191553
57.514014 3.125483
57.577814 2.735643
57.637728 2.913082
57.704508 2.613516
57.763287 2.969353
57.830196 2.608477
57.890055 2.915763
57.956851 2.612936
58.021669 2.692657
58.086807 2.679400
58.158362 2.439144
58.221282 2.773917
58.304180 2.105381
58.368652 2.707112
58.444549 2.299599
58.519340 2.333612
58.588205 2.534421
58.668923 2.162258
58.753861 2.054820
58.828532 2.337384
58.908063 2.194508
59.000668 1.884711
59.084084 2.092314
59.171830 1.989068
59.264553 1.882319
59.356398 1.900290
59.457118 1.732860
59.554986 1.783341
59.656596 1.717678
59.759308 1.699246
59.870367 1.571532
59.985639 1.514091
60.107349 1.434008
60.230003 1.422974
60.364635 1.296365
60.497308 1.315513
60.630881 1.306655
60.803632 1.010315
60.971146 1.041901
61.169469 0.880043
61.375884 0.845544
61.654299 0.626880
61.998270 0.507407
63.118767 0.155764
63.616366 0.350750
63.956573 0.513019
64.207884 0.694490
64.434291 0.770880
64.634742 0.870702
64.821218 0.935956
64.975426 1.131797
65.125949 1.159514
65.272509 1.190859
65.411179 1.258624
65.543838 1.315650
65.678464 1.296432
65.803056 1.400832
65.917795 1.521137
66.033553 1.507736
66.142262 1.605507
66.250985 1.605300
66.357673 1.635908
66.460375 1.699416
66.560063 1.750800
66.650873 1.921940
66.755618 1.666267
66.845356 1.944912
66.935381 1.938731
67.030059 1.843441
67.118284 1.978266
67.201015 2.109646
67.287152 2.026218
67.368606 2.142723
67.443430 2.332576
67.531164 1.989335
67.602943 2.431522
67.685672 2.109710
67.757520 2.429193
67.832318 2.333396
67.909198 2.270193
67.979004 2.500250
68.050715 2.433827
68.117580 2.610260
68.186369 2.537225
68.257208 2.463783
68.326081 2.534131
68.389880 2.735673
68.452645 2.780728
68.521538 2.533380
68.588366 2.611666
68.648160 2.918948
68.712074 2.730712
68.775702 2.743016
68.837721 2.814221
68.899036 2.846468
68.959674 2.878310
69.019225 2.930809
69.078854 2.926941
69.142772 2.730593
69.201640 2.964803
69.254480 3.303064
69.315322 2.868626
69.373188 3.016162
69.426999 3.243437
69.482805 3.127522
69.541694 2.963751
69.597634 3.119980
69.651497 3.240306
69.707328 3.126105
69.757165 3.502054
69.819063 2.819700
69.865897 3.726660
69.923764 3.016099
69.976583 3.304365
70.027398 3.434680
70.082269 3.180775
70.129177 3.720710
70.180052 3.430650
70.228970 3.567867
70.284754 3.128705
70.333662 3.568626
70.381497 3.648668
70.432371 3.430643
70.480220 3.647592
70.529093 3.571138
70.577976 3.570407
70.623903 3.800283
70.675768 3.365100
70.723686 3.642325
70.773481 3.505057
70.823363 3.498895
70.867191 3.982224
70.917069 3.499196
70.969207 3.347544
71.018679 3.527913
71.074017 3.153926
71.119093 3.871979
71.177820 2.971947
71.229766 3.359904
71.278672 3.568721
71.334496 3.126480
71.390366 3.123934
71.445208 3.182445
71.503049 3.017471
71.558917 3.124023
71.606929 3.635186
71.669602 2.784801
71.724436 3.182933
71.783271 2.966481
71.842132 2.965166
71.900962 2.966769
71.967801 2.611216
72.025692 3.014875
72.087655 2.816742
72.148290 2.878424
72.214181 2.648789
72.278012 2.734289
72.345778 2.575542
72.407668 2.820032
72.469427 2.826055
72.538287 2.534605
72.607120 2.535596
72.680916 2.365063
72.752621 2.434055
72.826466 2.363494
72.896690 2.485385
72.972913 2.289749
73.045896 2.391425
73.127275 2.144708
73.207037 2.188160
73.286932 2.184531
73.371680 2.059429
73.451329 2.191279
73.550100 1.767050
73.637896 1.987930
73.729590 1.903438
73.825441 1.820864
73.927108 1.716725
74.028840 1.715601
74.136930 1.614706
74.246265 1.596306
74.350922 1.667672
74.481626 1.335332
74.601294 1.458474
74.734929 1.306043
74.873570 1.258887
75.018167 1.207028
75.175534 1.109081
75.338080 1.073745
75.524529 0.936087
75.729917 0.849774
75.983221 0.689024
76.302424 0.546778
76.877935 0.303266
77.852386 0.179109
78.233360 0.458122
78.522633 0.603351
78.751994 0.760955
78.961134 0.834525
79.142998 0.959689
79.321506 0.977733
79.478088 1.114641
79.621776 1.214670
79.769253 1.183455
79.893922 1.399975
80.043561 1.166360
80.154294 1.576150
80.274977 1.446212
80.390596 1.509556
80.504496 1.532337
80.613035 1.608007
80.721693 1.606262
80.823469 1.714878
80.920906 1.791235
81.024991 1.676840
81.118476 1.866958
81.209253 1.922652
81.302945 1.862837
81.392713 1.944256
81.481534 1.965012
81.565288 2.083876
81.653040 1.988934
81.733879 2.159024
81.809622 2.304257
81.895452 2.033484
81.975267 2.186724
82.052931 2.247279
82.129774 2.271272
82.198652 2.533961
82.267369 2.539861
82.348190 2.159508
82.416999 2.536484
82.487077 2.490556
82.557660 2.472740
82.628506 2.463529
82.692367 2.733030
82.759166 2.612807
82.822978 2.735094
82.889841 2.610318
82.955365 2.663657
83.017636 2.802801
83.090686 2.389225
83.147731 3.059571
83.209579 2.821961
83.269390 2.918054
83.330270 2.866859
83.395033 2.694936
83.454078 2.955951
83.509775 3.133581
83.571679 2.819422
83.633441 2.825895
83.688368 3.177555
83.746128 3.021666
83.807012 2.866661
83.859819 3.305116
83.918748 2.961739
83.973583 3.182898
84.029404 3.126637
84.086242 3.070719
84.141118 3.180462
84.197854 3.076234
84.255831 3.010424
84.310653 3.183629
84.368478 3.018280
84.420413 3.360623
84.476216 3.127628
84.539084 2.776194
84.593796 3.190013
84.654770 2.862434
84.715576 2.870305
84.776409 2.869050
84.831206 3.185088
84.899094 2.570906
84.959134 2.906930
85.019183 2.906523
85.089850 2.469794
85.150167 2.893604
85.227010 2.271289
85.284943 3.012627
85.357576 2.402972
85.424456 2.609639
85.491320 2.610252
85.568990 2.247097
85.642848 2.363110
85.713611 2.466422
85.786418 2.397220
85.867235 2.159607
85.945070 2.242345
86.025888 2.159569
86.108630 2.109361
86.194427 2.034269
86.280121 2.036697
86.370099 1.939714
86.463667 1.865308
86.550422 2.011800
86.647176 1.803891
86.752881 1.651132
86.854686 1.714380
86.965962 1.568462
87.079116 1.542445
87.194178 1.516857
87.306872 1.548739
87.448423 1.233002
87.582130 1.305332
87.735712 1.136415
87.886325 1.158823
88.064789 0.977970
88.246376 0.961155
88.474794 0.764095
88.728027 0.689218
89.079809 0.496139
90.148363 0.163336
90.648074 0.349268
90.956117 0.566586
91.207343 0.694727
91.414575 0.842210
91.605210 0.915531
91.776718 1.017643
91.939363 1.073089
92.089894 1.159451
92.238432 1.175002
92.365093 1.377957
92.484742 1.458707
92.615421 1.335579
92.732075 1.496160
92.843804 1.562115
92.958045 1.527762
93.068987 1.573185
93.167902 1.764468
93.272679 1.665758
93.368392 1.823501
93.469149 1.732223
93.562899 1.861688
93.655728 1.880155
93.749398 1.863273
93.831186 2.133973
93.926891 1.823640
94.015692 1.965454
94.095406 2.189470
94.180251 2.057087
94.265003 2.059339
94.343796 2.215079
94.422632 2.213865
94.495371 2.399444
94.569212 2.363628
94.651917 2.110322
94.720916 2.529503
94.795602 2.336889
94.869422 2.364301
94.936923 2.585642
95.010243 2.380414
95.074607 2.711646
95.141276 2.617926
95.210158 2.533766
95.276058 2.648487
95.340881 2.692437
95.412669 2.431213
95.468497 3.126261
95.533331 2.692030
95.598147 2.692715
95.658997 2.868249
95.721887 2.775196
95.785719 2.734267
95.848503 2.779895
95.906359 3.016678
95.970342 2.727823
96.036988 2.618798
96.098900 2.819067
96.160644 2.826678
96.229431 2.537325
96.296339 2.608551
96.361055 2.696880
96.437183 2.292619
96.500728 2.746629
96.573522 2.397631
96.648299 2.334033
96.724158 2.300769
96.796933 2.398247
96.870695 2.366163
96.948128 2.253992
97.021790 2.369356
97.109760 1.984021
97.192833 2.100936
97.275567 2.109575
97.360356 2.058450
97.447089 2.012292
97.537913 1.921667
97.629628 1.902982
97.723373 1.861794
97.820333 1.800040
97.924820 1.670381
98.031578 1.634843
98.144207 1.549628
98.245920 1.715942
98.357702 1.561372
98.486327 1.356915
98.614952 1.356910
98.752621 1.267768
98.903575 1.156199
99.069609 1.051192
99.237183 1.041525
99.433348 0.889725
99.662679 0.761054
99.955059 0.596938
100.411661 0.382243
101.521855 0.157209
101.917700 0.440913
102.195965 0.627219
102.441340 0.711290
102.643756 0.862247
102.831208 0.931080
103.009564 0.978564
103.170761 1.082730
103.319151 1.176177
103.459801 1.240910
103.590420 1.336199
103.709082 1.470841
103.841812 1.314946
103.951470 1.591608
104.070375 1.467839
104.173872 1.686348
104.280498 1.636867
104.380296 1.748871
104.481050 1.732261
104.575809 1.841869
104.668543 1.882077
104.762312 1.861303
104.849040 2.012433
104.951131 1.709568
105.029220 2.235071
105.113996 2.058739
105.198057 2.076260
105.275925 2.241409
105.363654 1.989446
105.444477 2.159468
105.521299 2.271898
105.595050 2.366513
105.677824 2.108548
105.746639 2.536252
105.826446 2.186948
105.896253 2.500210
105.969059 2.397259
106.040840 2.431447
106.112636 2.430963
106.183472 2.463898
106.251317 2.572521
106.317091 2.653529
106.392889 2.302603
106.459705 2.612143
106.529558 2.498560
106.601294 2.433006
106.673221 2.426539
106.739973 2.614612
106.820792 2.159569
106.895575 2.333868
106.974470 2.212221
107.048855 2.346346
107.132235 2.093208
107.208057 2.301868
107.295798 1.989192
107.378603 2.107763
107.465341 2.012185
107.555285 1.940453
107.642872 1.992692
107.748570 1.651238
107.836315 1.989088
107.937140 1.731052
108.039850 1.699272
108.147528 1.620884
108.264247 1.495322
108.381901 1.483446
108.504599 1.422461
108.632224 1.367545
108.776854 1.206755
108.919472 1.223779
109.081053 1.080157
109.252383 1.018693
109.451884 0.874849
109.675309 0.781169
109.942577 0.653024
110.307634 0.478098
111.472879 0.149782
112.015352 0.321736
112.354603 0.514466
112.631777 0.629687
112.860166 0.764192
113.067267 0.842742
113.258147 0.914357
113.421740 1.066873
113.599265 0.983145
113.749857 1.158981
113.892458 1.223923
114.030097 1.268052
114.163729 1.306069
114.287562 1.409426
114.408089 1.448074
114.519803 1.562319
114.627513 1.620404
114.741193 1.535295
114.842841 1.717033
114.947645 1.665327
115.043898 1.813284
115.141175 1.794172
115.233193 1.896724
115.321991 1.965518
115.414766 1.881241
115.496471 2.136135
115.586257 1.943883
115.670355 2.075357
115.758819 1.972910
115.829567 2.466973
115.911389 2.133083
115.990223 2.213930
116.069042 2.214345
116.145731 2.275874
116.226577 2.158824
116.305413 2.213882
116.376212 2.465186
116.458930 2.109975
116.537043 2.234350
116.621526 2.065894
116.699296 2.244222
116.783088 2.082931
116.871849 1.966333
116.954711 2.106291
117.054017 1.757535
117.146767 1.881761
117.238818 1.896038
117.338640 1.748436
117.447127 1.608797
117.548831 1.716087
117.661532 1.548635
117.777271 1.507983
117.883992 1.635425
118.024647 1.240852
118.146348 1.434111
118.290919 1.207250
118.438563 1.182116
118.598176 1.093478
118.770674 1.011795
118.952372 0.960565
119.172002 0.794671
119.419482 0.705239
119.762482 0.508842
121.120960 0.128477
121.570988 0.387827
121.854146 0.616381
122.101272 0.706251
122.300798 0.874736
122.496230 0.893065
122.665761 1.029504
122.823391 1.107231
122.979903 1.115138
123.111587 1.325400
123.262650 1.155361
123.384377 1.433813
123.506039 1.434571
123.626782 1.445493
123.742425 1.509227
123.863114 1.446139
123.971794 1.605946
124.077456 1.651801
124.176212 1.767313
124.281979 1.650167
124.376790 1.840835
124.474463 1.786914
124.569149 1.843283
124.662906 1.861547
124.753809 1.919989
124.836497 2.110748
124.926271 1.944126
125.013011 2.012141
125.100324 1.998936
125.188059 1.989312
125.276218 1.979767
125.364998 1.965895
125.453805 1.965317
125.543561 1.944527
125.626270 2.110200
125.733960 1.620702
125.826689 1.882173
125.933442 1.634921
126.035163 1.715797
126.148904 1.534478
126.256637 1.620052
126.382304 1.388859
126.498912 1.496748
126.627577 1.356491
126.775232 1.182031
126.911842 1.277595
127.091506 0.971444
127.252521 1.083951
127.452032 0.874804
127.670640 0.798385
127.942713 0.641491
128.376593 0.402261
129.636281 0.138553
129.989391 0.494273
130.263628 0.636431
130.491104 0.767259
130.676575 0.941029
130.874040 0.883867
131.032577 1.100895
131.195075 1.074059
131.339042 1.212311
131.469565 1.337186
131.607252 1.267602
131.722013 1.520846
131.845674 1.411383
131.960306 1.522551
132.073020 1.548457
132.181754 1.605126
132.294464 1.548521
132.387212 1.881795
132.481869 1.843838
132.583600 1.715638
132.674442 1.921289
132.776202 1.715138
132.868910 1.882599
132.964662 1.822770
133.054767 1.936984
133.153877 1.761009
133.252355 1.772307
133.351184 1.766011
133.455873 1.667153
133.567573 1.562512
133.677300 1.590606
133.788994 1.562606
133.924612 1.286945
134.051269 1.377996
134.187162 1.284341
134.337575 1.160361
134.501100 1.067311
134.672592 1.017736
134.868136 0.892552
135.084215 0.807727
135.329830 0.710593
135.704854 0.465392
136.962408 0.138788
137.520495 0.312734
137.814446 0.593747
138.071759 0.678292
138.298126 0.771018
138.496583 0.879447
138.684107 0.930726
