8.346000 0.020912
9.258379 0.191294
9.869629 0.285535
10.359390 0.356363
10.778249 0.416687
11.141347 0.480677
11.476409 0.520897
11.771680 0.591094
12.035944 0.660449
12.327117 0.599413
12.575433 0.702867
12.817863 0.719931
13.041006 0.782156
13.267460 0.770722
13.476857 0.833505
13.688316 0.825375
13.882900 0.896955
14.072260 0.921699
14.269727 0.883856
14.443291 1.005584
14.641685 0.879728
14.810306 1.035064
14.984785 1.000306
15.150917 1.050568
15.315807 1.058479
15.483120 1.043158
15.638683 1.121944
15.799335 1.086399
15.948863 1.167227
16.109378 1.087328
16.257020 1.182141
16.396649 1.249975
16.543203 1.190908
16.690841 1.182173
16.829444 1.259224
16.969390 1.247145
17.107977 1.259374
17.238681 1.335329
17.369340 1.335796
17.502968 1.306110
17.637605 1.296325
17.760220 1.423415
17.890959 1.334970
18.011624 1.446424
18.124332 1.548542
18.254917 1.336546
18.371701 1.494495
18.495306 1.412025
18.605060 1.590225
18.727638 1.423847
18.836345 1.605531
18.957309 1.442849
19.060602 1.689688
19.173464 1.546428
19.287150 1.535226
19.389776 1.700665
19.512480 1.422386
19.614129 1.717016
19.719951 1.649314
19.827688 1.619989
19.925391 1.786364
20.034099 1.605516
20.140779 1.636039
20.242547 1.715023
20.344264 1.715868
20.445956 1.716274
20.548940 1.694771
20.645521 1.807113
20.745254 1.750005
20.847979 1.699031
20.944698 1.804529
21.040878 1.814651
21.137611 1.804275
21.228323 1.924021
21.326064 1.785671
21.424752 1.768545
21.516646 1.899275
21.611343 1.843069
21.703061 1.902922
21.793831 1.922819
21.881619 1.988109
21.980372 1.767377
22.065305 2.054931
22.156882 1.905860
22.243646 2.011589
22.335405 1.902082
22.419215 2.082488
22.509916 1.924256
22.594692 2.058756
22.678442 2.083978
22.768411 1.939925
22.849118 2.162550
22.942765 1.863720
23.027009 2.071755
23.106808 2.187168
23.192582 2.034800
23.273342 2.161139
23.364140 1.922207
23.446866 2.109781
23.523679 2.272165
23.603469 2.187414
23.691235 1.988612
23.770980 2.188641
23.852854 2.131734
23.931619 2.215855
24.012348 2.161971
24.096147 2.082744
24.172989 2.271334
24.255808 2.107397
24.329556 2.366622
24.410345 2.160347
24.489121 2.215554
24.568909 2.187461
24.647662 2.216215
24.724485 2.271872
24.802313 2.242561
24.874112 2.430838
24.956831 2.109957
25.032529 2.305636
25.111588 2.207629
25.181430 2.498989
25.256171 2.335160
25.326045 2.497802
25.404810 2.215872
25.474660 2.498689
25.547366 2.400520
25.623199 2.301546
25.693035 2.499186
25.776818 2.083152
25.842648 2.651263
25.917476 2.332470
25.986219 2.538930
26.059066 2.395860
26.132192 2.386759
26.204709 2.406786
26.276526 2.430225
26.344392 2.571744
26.421123 2.274602
26.487984 2.610381
26.559742 2.432247
26.626585 2.611115
26.697436 2.463355
26.767254 2.499838
26.840026 2.398363
26.904817 2.693758
26.974630 2.500035
27.041841 2.596779
27.113576 2.433003
27.182535 2.530978
27.247218 2.698277
27.319071 2.429017
27.380805 2.827200
27.445679 2.690333
27.516730 2.456463
27.582435 2.656279
27.651171 2.539181
27.713944 2.780409
27.783803 2.498331
27.844585 2.871476
27.915684 2.454798
27.977262 2.834339
28.043086 2.651493
28.106960 2.732474
28.167788 2.869291
28.242461 2.337287
28.303378 2.865075
28.367198 2.734786
28.429993 2.779417
28.495033 2.683442
28.559871 2.691835
28.625679 2.652174
28.683593 3.013662
28.746343 2.781397
28.814159 2.573613
28.874005 2.916372
28.937808 2.735497
28.997771 2.910701
29.061872 2.722772
29.123703 2.822751
29.185478 2.825277
29.250425 2.687321
29.310152 2.922168
29.371026 2.867141
29.433461 2.795398
29.500776 2.592814
29.560611 2.916860
29.627396 2.613367
29.684313 3.066473
29.744113 2.918606
29.810869 2.614467
29.872726 2.821587
29.937574 2.691378
29.998413 2.868786
30.067292 2.533925
30.129081 2.824656
30.195845 2.614173
30.258692 2.777108
30.319534 2.868621
30.387415 2.571145
30.448242 2.869333
30.524013 2.303432
30.583910 2.913884
30.649814 2.648306
30.717536 2.577197
30.781250 2.739314
30.856073 2.332607
30.919943 2.732628
30.990854 2.461299
31.054694 2.733916
31.129488 2.333499
31.196336 2.610892
31.264236 2.570452
31.328994 2.695140
31.403817 2.332607
31.474609 2.465457
31.540406 2.652585
31.612243 2.429565
31.682280 2.492032
31.754860 2.404677
31.826659 2.430854
31.902491 2.301567
31.972211 2.503341
32.047134 2.329500
32.118952 2.430205
32.187769 2.536189
32.265669 2.240497
32.343334 2.247230
32.416204 2.395131
32.487980 2.431633
32.566766 2.215295
32.640555 2.365275
32.720342 2.187491
32.791095 2.466816
32.866043 2.328698
32.946613 2.166235
33.017493 2.462358
33.106267 1.966041
33.183523 2.259147
33.258926 2.314680
33.343576 2.061821
33.417520 2.360326
33.503241 2.036070
33.586052 2.107583
33.664748 2.217826
33.745531 2.160515
33.833440 1.985391
33.915413 2.129141
33.997835 2.117563
34.084707 2.009065
34.169306 2.063073
34.257139 1.987091
34.338923 2.134074
34.430726 1.901174
34.512483 2.134782
34.603326 1.921246
34.695012 1.903600
34.782819 1.987690
34.875530 1.882540
34.968284 1.881686
35.055096 2.010458
35.139920 2.057582
35.241636 1.715886
35.330392 1.966442
35.430070 1.750973
35.517933 1.986421
35.619658 1.715729
35.711371 1.903038
35.808058 1.805128
35.903867 1.821683
36.001662 1.784678
36.104396 1.698872
36.200249 1.820851
36.311777 1.564919
36.408524 1.804025
36.510235 1.715962
36.614865 1.668090
36.721645 1.634520
36.833102 1.565926
36.938112 1.662046
37.046829 1.605399
37.158668 1.560567
37.274335 1.508926
37.387083 1.547989
37.499844 1.547818
37.615638 1.507263
37.737153 1.436315
37.853789 1.496382
37.972474 1.470561
38.098111 1.389183
38.218875 1.445244
38.341466 1.423693
38.474120 1.315706
38.601757 1.367416
38.732561 1.334306
38.871012 1.260614
39.001758 1.334901
39.131079 1.349612
39.277682 1.190511
39.421351 1.214828
39.567069 1.197744
39.703605 1.278294
39.861059 1.108468
40.007722 1.190029
40.175274 1.041659
40.326873 1.151279
40.490477 1.066807
40.660940 1.023876
40.828524 1.041462
41.022013 0.902032
41.199807 0.981656
41.388202 0.926422
41.579595 0.911905
41.782335 0.860872
42.007528 0.775037
42.229812 0.785180
42.462262 0.750842
42.701729 0.728839
42.987929 0.609827
43.272525 0.613267
43.577773 0.571774
43.921865 0.507227
44.327632 0.430131
44.798474 0.370682
45.400624 0.289849
47.863306 0.070871
48.774872 0.191465
49.406710 0.276231
49.899443 0.354214
50.323258 0.411815
50.705225 0.456931
51.031384 0.535116
51.378849 0.502304
51.671093 0.597216
51.949479 0.626946
52.219610 0.646106
52.476962 0.678188
52.718303 0.723179
52.943788 0.774035
53.170540 0.769706
53.372912 0.862437
53.597397 0.777481
53.792810 0.893147
53.997311 0.853458
54.182044 0.944785
54.368399 0.936563
54.547872 0.972473
54.716571 1.034586
54.897906 0.962489
55.066442 1.035579
55.228627 1.076138
55.396155 1.041810
55.555722 1.093791
55.706350 1.158707
55.851982 1.198446
56.008534 1.114858
56.154196 1.198205
56.302757 1.174826
56.448346 1.198802
56.594008 1.198207
56.727580 1.306660
56.869270 1.231789
57.005897 1.277446
57.143327 1.269975
57.272899 1.346995
57.402606 1.345597
57.535199 1.316304
57.653847 1.471008
57.793499 1.249777
57.913218 1.457848
58.033091 1.455986
58.158543 1.391232
58.282350 1.409719
58.400901 1.472219
58.517653 1.494897
58.633324 1.508880
58.744973 1.563230
58.869618 1.400239
58.977317 1.620562
59.097220 1.455619
59.203021 1.649632
59.313685 1.577144
59.424421 1.576117
59.527129 1.699305
59.638827 1.562537
59.741554 1.698999
59.850285 1.605188
59.952068 1.714760
60.062687 1.577776
60.159446 1.803786
60.257232 1.784857
60.363916 1.635979
60.460632 1.804592
60.561364 1.732653
60.662120 1.732218
60.763789 1.716691
60.856619 1.880119
60.956320 1.750572
61.051082 1.841797
61.148333 1.794665
61.242103 1.861293
61.339822 1.786075
61.434631 1.840880
61.523381 1.966579
61.625015 1.717257
61.714774 1.944470
61.805632 1.920929
61.897372 1.902482
61.987120 1.944696
62.077917 1.922232
62.163685 2.034949
62.253505 1.943147
62.337219 2.084859
62.430978 1.861506
62.515805 2.057526
62.604455 1.968775
62.692243 1.988125
62.778061 2.033745
62.862791 2.059872
62.943600 2.159834
63.033412 1.943321
63.111703 2.229287
63.199524 1.987351
63.283315 2.082978
63.369076 2.035092
63.443857 2.333921
63.527593 2.084326
63.607414 2.186565
63.689196 2.134108
63.771031 2.132750
63.854734 2.085160
63.932652 2.239942
64.009357 2.275364
64.090103 2.161530
64.171934 2.132830
64.247682 2.304138
64.324513 2.271629
64.407219 2.110297
64.482234 2.326619
64.554921 2.401167
64.640654 2.035766
64.713478 2.396647
64.788318 2.332078
64.866070 2.244744
64.943822 2.244733
65.017677 2.363209
65.095762 2.235140
65.169209 2.376321
65.238972 2.501791
65.319756 2.160489
65.391551 2.431017
65.471448 2.184477
65.542188 2.467231
65.613014 2.464253
65.685745 2.399691
65.754631 2.533667
65.831369 2.274397
65.901219 2.498689
65.976021 2.333240
66.046818 2.465259
66.119653 2.396285
66.189440 2.500959
66.255343 2.648310
66.328070 2.399823
66.395907 2.572835
66.469726 2.364358
66.539497 2.501489
66.614387 2.330524
66.682271 2.571043
66.752863 2.472439
66.820855 2.566951
66.891544 2.469022
66.962354 2.464796
67.036223 2.362745
67.107068 2.463588
67.175020 2.568474
67.253772 2.216232
67.321490 2.577357
67.396366 2.330966
67.468267 2.427413
67.541926 2.369452
67.616855 2.329311
67.690518 2.369353
67.764379 2.363004
67.838197 2.364342
67.917047 2.213486
67.990789 2.366798
68.071644 2.158594
68.146306 2.337641
68.222106 2.302551
68.305018 2.105038
68.375733 2.468135
68.461481 2.035393
68.535386 2.361598
68.619032 2.086576
68.695874 2.271304
68.782953 2.004312
68.857477 2.341960
68.936210 2.216767
69.022074 2.032667
69.102189 2.178549
69.187252 2.051788
69.277057 1.943479
69.359777 2.109929
69.437551 2.244095
69.524299 2.011946
69.609157 2.056774
69.703925 1.841690
69.787635 2.084964
69.874426 2.010952
69.963210 1.965828
70.047911 2.060562
70.146716 1.766449
70.233607 2.008637
70.326174 1.885464
70.418953 1.881187
70.514758 1.821736
70.605511 1.923175
70.703240 1.785881
70.796036 1.880834
70.889721 1.862962
70.991484 1.715097
71.088161 1.805326
71.191489 1.689119
71.288167 1.805285
71.389883 1.715883
71.494630 1.666235
71.588489 1.859526
71.696148 1.621167
71.802852 1.635674
71.906581 1.682579
72.014299 1.620288
72.128014 1.534825
72.227735 1.750218
72.335445 1.620395
72.453151 1.482781
72.564846 1.562593
72.676482 1.563404
72.802264 1.387577
72.920897 1.471204
73.031559 1.577168
73.159733 1.361692
73.280414 1.446235
73.410068 1.346141
73.532666 1.423622
73.660371 1.366684
73.792980 1.316152
73.919680 1.377522
74.068297 1.174384
74.202902 1.296636
74.344633 1.231430
74.489106 1.208066
74.638752 1.166308
74.785409 1.190076
74.938961 1.136636
75.093606 1.128603
75.244420 1.157277
75.426892 0.956489
75.587491 1.086766
75.766117 0.977084
75.941492 0.995200
76.122022 0.966779
76.311509 0.921083
76.498995 0.930912
76.707456 0.837245
76.916066 0.836645
77.137690 0.787520
77.367165 0.760575
77.617515 0.697154
77.856831 0.729300
78.114192 0.678164
78.415550 0.579155
78.729455 0.556006
79.079568 0.498504
79.499067 0.416052
79.997552 0.350126
80.659812 0.263541
82.445719 0.097728
83.472532 0.169975
84.103842 0.276462
84.604511 0.348599
85.025286 0.414790
85.393474 0.474032
85.737677 0.507064
86.034840 0.587332
86.299276 0.660017
86.591332 0.597603
86.838611 0.705812
87.085997 0.705508
87.310894 0.776057
87.544307 0.747745
87.742674 0.879849
87.963100 0.791796
88.154586 0.911469
88.347132 0.906445
88.540539 0.902414
88.717554 0.985975
88.913685 0.889881
89.080154 1.048439
89.251551 1.018298
89.423068 1.017584
89.586630 1.067074
89.755144 1.035718
89.914645 1.094242
90.071297 1.114148
90.216905 1.198650
90.377419 1.087336
90.527053 1.166400
90.673691 1.190227
90.815571 1.230140
90.965997 1.160261
91.105497 1.251135
91.244383 1.256662
91.383240 1.256924
91.516801 1.306766
91.652395 1.287178
91.785982 1.306505
91.915898 1.343435
92.043275 1.370208
92.177901 1.296426
92.293612 1.508348
92.408298 1.521829
92.544953 1.277188
92.661620 1.495988
92.782415 1.444864
92.890967 1.607831
93.013557 1.423708
93.126566 1.544420
93.246331 1.457292
93.354765 1.609576
93.460481 1.650967
93.576219 1.508000
93.678897 1.699803
93.800671 1.433253
93.904355 1.683316
94.010081 1.650807
94.116859 1.634536
94.220568 1.682923
94.332569 1.558303
94.432946 1.738784
94.533735 1.731661
94.632687 1.763809
94.744140 1.565985
94.843789 1.751468
94.942518 1.767810
95.039341 1.802585
95.140064 1.732801
95.237888 1.784158
95.334622 1.804258
95.431238 1.806469
95.527059 1.821444
95.622784 1.823265
95.718498 1.823482
95.814222 1.823299
95.909005 1.841393
96.005739 1.804256
96.093486 1.989059
96.178330 2.057094
96.278997 1.733774
96.368838 1.942687
96.458624 1.943862
96.544357 2.035775
96.637128 1.881327
96.721948 2.057686
96.809597 1.991282
96.897304 1.989943
96.980161 2.106453
97.070968 1.922014
97.153732 2.108810
97.248980 1.832403
97.330492 2.141180
97.411225 2.161851
97.494933 2.085036
97.579724 2.058387
97.668559 1.964673
97.753373 2.057846
97.834097 2.162092
97.911841 2.244955
97.999718 1.986105
98.079433 2.189475
98.158218 2.215312
98.242964 2.059480
98.326786 2.082170
98.408544 2.134750
98.483387 2.332000
98.567173 2.083085
98.642936 2.303676
98.723753 2.159599
98.804544 2.160296
98.888269 2.084610
98.967147 2.212683
99.051927 2.058659
99.128692 2.273597
99.205725 2.265679
99.294466 1.966774
99.376222 2.134810
99.458013 2.133876
99.539767 2.134863
99.627544 1.988374
99.705385 2.242166
99.796031 1.925426
99.878866 2.106995
99.962686 2.082235
100.051499 1.965184
100.135265 2.083567
100.234055 1.766717
100.321711 1.991098
100.407470 2.035170
100.497176 1.945615
100.584120 2.007399
100.682887 1.767114
100.774531 1.904479
100.869130 1.844982
100.958957 1.942970
101.059648 1.733357
101.155455 1.821710
101.249029 1.865202
101.345548 1.808272
101.449395 1.680677
101.545022 1.825131
101.645746 1.732794
101.748486 1.698776
101.849344 1.730482
101.952934 1.684848
102.062624 1.591138
102.168388 1.650213
102.276107 1.620258
102.386732 1.577703
102.495476 1.604992
102.597209 1.715593
102.721789 1.400974
102.833090 1.568121
102.950358 1.488319
103.060026 1.591468
103.181663 1.434869
103.295708 1.530385
103.422422 1.377380
103.544085 1.434555
103.665759 1.434432
103.794436 1.356366
103.915044 1.447107
104.060734 1.197971
104.186409 1.388773
104.322975 1.278007
104.461706 1.258069
104.594319 1.316111
104.744869 1.159300
104.890519 1.198300
105.040110 1.166739
105.187762 1.182053
105.355572 1.040066
105.509140 1.136515
105.670761 1.079889
105.839321 1.035435
106.019775 0.967188
106.196355 0.988406
106.371855 0.994490
106.565623 0.900731
106.753905 0.926976
106.955282 0.866698
107.169762 0.813750
107.393787 0.779076
107.619176 0.774364
107.861511 0.720215
108.099902 0.732129
108.344233 0.714329
108.645388 0.579545
108.938598 0.595249
109.265793 0.533422
109.603901 0.516204
110.022769 0.416677
110.476534 0.384633
111.109785 0.275614
112.237207 0.154807
113.803112 0.111458
114.587027 0.222643
115.119593 0.327721
115.592428 0.369120
115.985360 0.444181
116.343416 0.487445
116.670591 0.533454
116.982909 0.558831
117.254442 0.642769
117.508770 0.686252
117.778051 0.648144
118.022419 0.714220
118.255774 0.747931
118.495170 0.729054
118.711553 0.806594
118.918012 0.845361
119.127454 0.833323
119.327153 0.873981
119.522601 0.892988
119.709127 0.935703
119.896590 0.931026
120.079080 0.956396
120.244641 1.054192
120.434162 0.920918
120.601703 1.041733
120.770274 1.035366
120.938788 1.035716
121.110394 1.017060
121.271305 1.084650
121.427821 1.115117
121.586463 1.100165
121.736035 1.166887
121.898639 1.073358
122.040210 1.232828
122.197790 1.107586
122.337381 1.250319
122.476096 1.258210
122.617727 1.232307
122.749493 1.324571
122.886015 1.278422
123.017601 1.326373
123.152273 1.295984
123.286142 1.303760
123.416868 1.335107
123.536423 1.459855
123.653130 1.495479
123.784759 1.325944
123.905422 1.446453
124.024056 1.471183
124.149025 1.396618
124.266496 1.485749
124.383222 1.495241
124.499114 1.505991
124.610529 1.566518
124.731245 1.445814
124.840960 1.590780
124.950630 1.591431
125.064329 1.535045
125.170094 1.650191
125.288143 1.478485
125.388875 1.732645
125.499653 1.575525
125.602323 1.699928
125.709138 1.633977
125.813803 1.667537
125.916645 1.697106
126.021208 1.669165
126.119015 1.784468
126.226732 1.620279
126.323474 1.804124
126.427102 1.684214
126.525938 1.765886
126.620663 1.842516
126.720392 1.750070
126.812146 1.902187
126.910904 1.767290
127.006598 1.823855
127.103366 1.803617
127.194072 1.924180
127.296115 1.710371
127.378841 2.109776
127.471618 1.881205
127.565670 1.855709
127.653167 1.994737
127.745835 1.883428
127.841629 1.821948
127.930447 1.965076
128.017235 2.011028
128.111928 1.843133
128.205722 1.860811
128.298439 1.882434
128.389245 1.922042
128.483020 1.861190
128.575713 1.882910
128.667448 1.902575
128.773163 1.650981
128.866079 1.878383
128.959651 1.865228
129.062292 1.700428
129.161101 1.766363
129.260851 1.749709
129.364685 1.680887
129.464455 1.749344
129.565162 1.733076
129.676864 1.562497
129.780613 1.682245
129.888306 1.620657
129.996012 1.620454
130.106717 1.576567
130.216639 1.587780
130.322150 1.654171
130.437890 1.507973
130.550607 1.548424
130.669247 1.471107
130.785961 1.495395
130.907606 1.434770
131.021249 1.535805
131.139891 1.471081
131.265789 1.386312
131.388274 1.424930
131.514955 1.377732
131.653637 1.258516
131.787222 1.306530
131.911939 1.399431
132.048551 1.277582
132.187180 1.258990
132.330761 1.215571
132.477383 1.190362
132.622999 1.198585
132.770660 1.181984
132.915184 1.207639
133.085819 1.022844
133.241365 1.122061
133.407408 1.051133
133.573959 1.047924
133.756475 0.956263
133.931023 0.999913
134.116546 0.940762
134.311948 0.893200
134.500514 0.925576
134.721977 0.788091
134.927315 0.849982
135.160715 0.747782
135.394165 0.747626
135.643481 0.700046
135.906797 0.662827
136.172025 0.658049
136.478225 0.569996
136.801368 0.540111
137.165656 0.479108
137.583415 0.417783
138.104975 0.334637
138.740244 0.274739
140.762012 0.086327
141.654690 0.195516
142.300034 0.270450
142.761712 0.378040
143.172436 0.424940
143.516110 0.507845
143.860013 0.507506
144.150217 0.601415
144.453493 0.575492
144.709699 0.681220
144.958136 0.702525
145.213494 0.683483
145.430832 0.803047
145.682514 0.693466
145.887663 0.850764
146.099238 0.824921
146.303529 0.854337
146.495988 0.906855
146.698438 0.862106
146.884981 0.935615
147.071484 0.935820
147.241927 1.023997
147.429542 0.930271
147.599097 1.029357
147.765871 1.046522
147.930160 1.062354
148.097821 1.040986
148.255425 1.107416
148.409975 1.129299
148.564555 1.129079
148.709253 1.206188
148.858935 1.166021
149.008391 1.167789
149.151065 1.223299
149.295621 1.207372
149.436329 1.240397
149.566065 1.345290
149.692629 1.379009
149.833252 1.241138
149.962938 1.345812
150.088583 1.389099
150.214269 1.388640
150.343900 1.346386
150.460605 1.495499
150.589159 1.357670
150.706856 1.482895
150.825538 1.470593
150.943222 1.483069
151.054932 1.562370
151.184598 1.346018
151.291295 1.635787
151.404981 1.535212
151.523685 1.470322
151.628413 1.666543
151.746087 1.483180
151.856794 1.576536
151.968528 1.562042
152.069230 1.733166
152.184933 1.508455
152.290642 1.651060
152.396556 1.647883
152.504402 1.618349
152.608043 1.684021
152.713528 1.654563
152.815226 1.716192
152.922940 1.620342
153.022686 1.749768
153.124625 1.712138
153.230287 1.651793
153.336957 1.636198
153.437659 1.733164
153.543366 1.651107
153.650074 1.635611
153.749914 1.748123
153.865708 1.507272
153.971211 1.654286
154.079885 1.606024
154.189650 1.590070
154.309234 1.459497
154.418065 1.603709
154.536715 1.470980
154.650408 1.535127
154.767091 1.495791
154.888743 1.434694
155.002429 1.535220
155.141124 1.258388
155.255745 1.522692
155.384441 1.356166
155.512091 1.367285
155.640773 1.356312
155.781387 1.241218
155.917028 1.286725
156.054700 1.267745
156.187304 1.316195
156.338878 1.151473
156.486483 1.182431
156.632359 1.196443
156.783788 1.152580
156.944255 1.087655
157.105874 1.079903
157.266541 1.086298
157.439916 1.006680
157.610496 1.023175
157.789006 0.977721
157.984511 0.892727
158.179974 0.892920
158.386388 0.845548
158.606796 0.791865
158.821275 0.813752
159.037724 0.806346
159.301992 0.660440
159.555326 0.688943
159.839565 0.614036
160.115946 0.631495
160.453921 0.516407
160.792960 0.514788
161.221867 0.406925
161.697619 0.366857
162.348876 0.267994
164.399456 0.085114
165.322900 0.189002
165.903319 0.300701
166.378074 0.367628
166.756060 0.461744
167.122054 0.476873
167.449085 0.533689
167.749707 0.580573
168.033733 0.614497
168.310897 0.629709
168.546226 0.741657
168.779654 0.747694
169.016152 0.737988
169.235454 0.795858
169.450983 0.809788
169.666429 0.810101
169.872723 0.846039
170.060262 0.930651
170.255711 0.892984
170.437219 0.961568
170.628701 0.911487
170.803289 0.999683
170.973768 1.023781
171.143320 1.029379
171.300944 1.107274
171.479423 0.977889
171.634995 1.121877
171.791531 1.114968
171.947178 1.121340
172.103746 1.114746
172.250441 1.189765
172.395019 1.207187
172.541579 1.190866
172.672197 1.336205
172.827756 1.121976
172.954514 1.376897
173.100376 1.196563
173.229710 1.349471
173.364378 1.296020
173.493066 1.356255
173.613639 1.447529
173.746371 1.314930
173.869005 1.423195
173.995710 1.377478
174.119402 1.411026
174.243035 1.411702
174.356716 1.535284
174.470467 1.534338
174.593019 1.424163
174.707792 1.520675
174.822516 1.521326
174.945108 1.423692
175.058861 1.534308
175.169528 1.577111
175.289272 1.457550
175.403924 1.522276
175.522648 1.470077
175.638234 1.509977
175.761977 1.410450
175.881666 1.458220
176.003333 1.434511
176.135989 1.315684
176.262621 1.378267
176.389317 1.377575
176.521861 1.316792
176.658575 1.276630
176.792179 1.306342
176.934851 1.223316
177.074473 1.250041
177.208044 1.306667
177.369646 1.080015
177.510239 1.241413
177.669890 1.093214
177.824407 1.129536
177.984173 1.092430
178.152554 1.036533
178.312153 1.093574
178.488657 0.988832
178.661282 1.011056
178.846723 0.941173
179.038250 0.911275
179.236725 0.879368
179.427181 0.916396
179.630670 0.857702
179.856044 0.774414
180.086426 0.757580
180.329720 0.717374
180.598046 0.650451
180.883275 0.611906
181.172526 0.603395
181.513632 0.511668
181.899662 0.452122
182.393294 0.353569
183.084441 0.252526
184.237344 0.151386
185.763247 0.114380
186.456411 0.251792
186.983211 0.331308
187.429806 0.390808
187.810768 0.458138
188.159884 0.499928
188.493946 0.522458
188.794129 0.581421
189.070438 0.631657
189.342710 0.641025
189.583399 0.725140
189.802470 0.796696
190.044710 0.720497
190.259227 0.813606
190.467742 0.837029
190.665078 0.884446
190.866678 0.865738
191.049232 0.956061
191.241594 0.907315
191.414173 1.011325
191.582701 1.035630
191.762227 0.972188
191.916809 1.129063
192.105296 0.925966
192.251978 1.189874
192.414477 1.074055
192.566172 1.150554
192.717679 1.151981
192.877177 1.094265
193.021870 1.206228
193.167424 1.199089
193.310075 1.223503
193.456620 1.190985
193.595303 1.258499
193.734912 1.250153
193.865899 1.332449
194.006252 1.243528
194.138921 1.315548
194.270563 1.325817
194.403188 1.315985
194.526846 1.411425
194.657480 1.336044
194.792158 1.295924
194.926749 1.296769
195.057411 1.335756
195.195012 1.268401
195.327713 1.315233
195.457317 1.346660
195.608944 1.151071
195.749593 1.240911
195.899434 1.164781
196.038771 1.252595
196.196345 1.107629
196.343979 1.182196
196.510568 1.047690
196.667271 1.113782
196.828647 1.081525
197.000253 1.017057
197.166789 1.048023
197.364293 0.883691
197.538800 1.000147
197.731237 0.906962
197.931638 0.870917
198.131197 0.874596
198.353608 0.784730
198.581944 0.764368
198.819356 0.735150
199.063667 0.714387
199.350982 0.607462
199.640163 0.603543
199.949471 0.564269
200.302411 0.494511
200.710247 0.427950
201.191032 0.363016
201.813279 0.280488
204.273788 0.070934
205.170433 0.194651
205.790754 0.281359
206.277359 0.358674
206.699366 0.413578
207.076328 0.462999
207.398428 0.541859
207.744518 0.504300
208.039724 0.591224
208.312928 0.638837
208.579199 0.655473
208.833445 0.686473
209.072133 0.731217
209.302528 0.757538
209.520703 0.799967
209.723193 0.861934
209.944591 0.788320
210.130070 0.940985
210.336583 0.845143
210.522120 0.940688
210.700004 0.981165
210.880067 0.969287
211.041687 1.079897
211.217308 0.993802
211.379709 1.074704
211.545328 1.053823
211.708905 1.066977
211.872428 1.067332
212.013079 1.240894
212.159633 1.190908
212.315233 1.121680
212.459871 1.206682
212.603452 1.215575
212.750318 1.188377
212.896630 1.192884
213.036275 1.249836
213.187040 1.157651
213.331629 1.207089
213.484234 1.143694
213.632946 1.173627
213.787401 1.129996
213.950964 1.067070
214.100710 1.165523
214.283171 0.956547
214.449747 1.047768
214.623075 1.006956
214.806619 0.950905
214.999411 0.905292
215.191601 0.908125
215.393083 0.866244
215.599823 0.844218
215.805947 0.846735
216.049383 0.716957
216.272634 0.781780
216.538035 0.657620
216.799387 0.667807
217.077482 0.627603
217.383779 0.569816
217.703918 0.545178
218.086853 0.455777
218.511717 0.410797
219.047295 0.325878
219.845129 0.218758
220.960110 0.156534
222.321560 0.128196
222.967035 0.270395
223.438456 0.370227
223.866745 0.407512
224.222478 0.490629
224.566765 0.506940
224.869747 0.576052
225.151000 0.620554
225.427186 0.631942
225.672567 0.711273
225.951005 0.626829
226.174289 0.781661
226.402705 0.764102
226.620065 0.802965
226.825479 0.849666
227.042885 0.802796
227.239395 0.888164
227.431891 0.906681
227.621387 0.921041
227.816090 0.896406
227.996348 0.968236
228.171815 0.994677
228.348415 0.988299
228.521929 1.005872
228.694490 1.011424
228.864053 1.029315
229.034603 1.023350
229.198129 1.067313
229.371626 1.005969
229.546255 0.999453
229.723804 0.983009
229.898341 0.999978
230.084849 0.935795
230.265328 0.967051
230.445913 0.966488
230.658339 0.821617
230.857736 0.875303
231.077043 0.795837
231.288607 0.824965
231.531926 0.717303
231.766414 0.744314
232.041525 0.634410
232.310875 0.647976
232.603077 0.597302
232.936199 0.523931
233.277214 0.511805
233.740989 0.376330
234.214682 0.368452
234.924877 0.245753
236.497654 0.110971
237.629588 0.154190
238.220980 0.295122
238.748634 0.330772
239.143569 0.441928
239.527497 0.454597
239.857589 0.528740
240.163818 0.569944
240.451123 0.607482
240.710395 0.673167
240.969712 0.673047
241.213992 0.714481
241.445369 0.754322
241.672827 0.767319
241.900193 0.767630
242.090634 0.916468
242.289216 0.878892
242.492618 0.858073
242.682135 0.920934
242.872633 0.916193
243.067136 0.897327
243.256534 0.921513
243.438120 0.961159
243.631593 0.902102
243.821074 0.921114
244.022519 0.866404
244.227944 0.849620
244.443404 0.810046
244.670849 0.767365
244.894234 0.781307
245.169481 0.634097
245.442698 0.638806
245.744902 0.577534
246.081042 0.519226
246.464980 0.454586
246.899981 0.401224
247.446371 0.319429
248.257191 0.215255
