8.604785 0.020283
9.648076 0.167291
10.365154 0.243395
10.926637 0.310843
11.443511 0.337670
11.894107 0.387337
12.318958 0.410810
12.697966 0.460499
13.055059 0.488762
13.396137 0.511709
13.696571 0.580936
14.028600 0.525656
14.313647 0.612295
14.588947 0.633973
14.855210 0.655492
15.119531 0.660307
15.370206 0.696249
15.610487 0.726372
15.844001 0.747420
16.057358 0.818030
16.300707 0.717212
16.502111 0.866585
16.724562 0.784588
16.925010 0.870715
17.126511 0.866163
17.326970 0.870669
17.504416 0.983583
17.701945 0.883579
17.888427 0.935928
18.066049 0.982605
18.248492 0.956646
18.430008 0.961525
18.591605 1.080057
18.756131 1.060820
18.931752 0.993807
19.097255 1.054559
19.257918 1.086325
19.427415 1.029715
19.587047 1.093343
19.739645 1.143745
19.902199 1.073691
20.050859 1.174043
20.205299 1.130098
20.358982 1.135671
20.508497 1.167325
20.655226 1.189497
20.792803 1.268615
20.947480 1.128371
21.090083 1.223907
21.229062 1.255820
21.367545 1.260321
21.509242 1.231739
21.649814 1.241588
21.789470 1.249732
21.925077 1.287052
22.048769 1.411031
22.193340 1.207250
22.317055 1.410757
22.458678 1.232378
22.585316 1.378202
22.712366 1.373741
22.842703 1.339082
22.963423 1.445768
23.093953 1.337111
23.215742 1.433081
23.342318 1.378876
23.469027 1.377435
23.593633 1.400669
23.711371 1.482388
23.826059 1.521802
23.948783 1.422166
24.071409 1.423295
24.184089 1.548921
24.308773 1.399808
24.423420 1.522339
24.539142 1.508211
24.652842 1.535030
24.765541 1.548662
24.882158 1.496643
24.992878 1.576342
25.104625 1.561862
25.219512 1.519164
25.320155 1.734182
25.443867 1.410800
25.546635 1.698325
25.657296 1.577178
25.762314 1.661929
25.873737 1.566412
25.979471 1.650675
26.085158 1.651416
26.192880 1.620206
26.290618 1.785728
26.402323 1.562448
26.499105 1.803354
26.607783 1.605967
26.708407 1.734515
26.809156 1.732347
26.912999 1.680738
27.006701 1.862644
27.111365 1.667542
27.210123 1.767286
27.310837 1.732961
27.409596 1.767265
27.511354 1.715168
27.601147 1.943732
27.696817 1.824309
27.796598 1.749170
27.894257 1.787170
27.987024 1.881402
28.089751 1.698991
28.186591 1.802291
28.274280 1.990370
28.371072 1.803173
28.464777 1.862583
28.561525 1.803986
28.653327 1.901182
28.742989 1.946582
28.835852 1.879455
28.923572 1.989668
29.020252 1.805253
29.108033 1.988281
29.201090 1.875553
29.287795 2.012951
29.384594 1.803037
29.469269 2.061219
29.559165 1.941496
29.648866 1.945730
29.734490 2.038360
29.827289 1.880769
29.909127 2.132661
30.005932 1.802931
30.088664 2.109608
30.175485 2.010271
30.260205 2.060100
30.343994 2.083015
30.432758 1.966245
30.515552 2.108041
30.601223 2.037258
30.686066 2.057121
30.774795 1.967040
30.851600 2.272398
30.935455 2.081376
31.021221 2.034985
31.103007 2.134017
31.184697 2.136546
31.270675 2.029972
31.356459 2.034558
31.435304 2.213626
31.515083 2.187697
31.594847 2.188125
31.680689 2.033188
31.761403 2.162360
31.842171 2.160901
31.923934 2.134636
31.995918 2.424594
32.081550 2.038181
32.163377 2.132945
32.242064 2.218080
32.317904 2.301303
32.398648 2.161559
32.476459 2.243039
32.553233 2.273331
32.634092 2.158501
32.708765 2.337287
32.789621 2.158581
32.863471 2.363321
32.948133 2.061536
33.022898 2.334423
33.098828 2.298591
33.174491 2.306711
33.248654 2.353385
33.325442 2.272910
33.400254 2.332966
33.480032 2.187716
33.553821 2.365304
33.631562 2.245045
33.702424 2.463025
33.777223 2.333350
33.850962 2.366895
33.925745 2.333871
33.998610 2.395282
34.076456 2.242037
34.153195 2.274376
34.227044 2.363347
34.300854 2.364656
34.373602 2.399118
34.451407 2.243224
34.522189 2.465778
34.602031 2.185968
34.674736 2.400576
34.747613 2.394877
34.828826 2.149100
34.907121 2.229174
34.980966 2.363488
35.056813 2.301127
35.136527 2.189489
35.214480 2.238948
35.293330 2.213480
35.371086 2.244615
35.441928 2.463686
35.533684 1.902140
35.604408 2.467803
35.687229 2.107361
35.767986 2.161203
35.850780 2.108051
35.931556 2.160697
36.006368 2.332963
36.092202 2.033370
36.172873 2.163523
36.253672 2.160080
36.335456 2.134080
36.423228 1.988465
36.504006 2.160657
36.582837 2.214005
36.670622 1.988197
36.753322 2.110439
36.837104 2.083172
36.927950 1.921204
37.012321 2.068624
37.095842 2.089694
37.188310 1.887493
37.269023 2.162389
37.358826 1.943502
37.447625 1.965492
37.536366 1.966772
37.626108 1.944819
37.707917 2.133414
37.804584 1.805516
37.894426 1.942663
37.983127 1.967663
38.071871 1.966701
38.170520 1.769224
38.263374 1.879651
38.351103 1.989446
38.448859 1.785401
38.534655 2.034285
38.637278 1.700719
38.727047 1.944234
38.826832 1.749099
38.923569 1.804198
39.022331 1.767202
39.117051 1.842612
39.212182 1.834661
39.313707 1.719113
39.410381 1.805387
39.508218 1.783917
39.609909 1.716305
39.719525 1.592211
39.812428 1.878664
39.915052 1.700709
40.017784 1.698903
40.120495 1.699269
40.226280 1.649890
40.336929 1.577347
40.442592 1.651793
40.548406 1.649434
40.658137 1.590542
40.764733 1.637335
40.881520 1.494461
40.985159 1.684042
41.102908 1.482247
41.210558 1.621298
41.317486 1.632243
41.440109 1.423328
41.554867 1.520882
41.670571 1.508442
41.786207 1.509338
41.905971 1.457297
42.029097 1.417516
42.147300 1.476559
42.267032 1.457689
42.384679 1.483531
42.521303 1.277471
42.636964 1.509009
42.770596 1.306071
42.898307 1.366620
43.023924 1.389407
43.155655 1.324914
43.284415 1.355498
43.423125 1.258252
43.556760 1.306048
43.690369 1.306291
43.834050 1.214726
43.979631 1.198877
44.113289 1.305818
44.248856 1.287427
44.400549 1.150565
44.550091 1.167113
44.694676 1.207137
44.856276 1.080028
45.012431 1.117689
45.163474 1.155517
45.326037 1.073633
45.487529 1.080754
45.657168 1.028847
45.826626 1.029950
45.999230 1.011175
46.172664 1.006337
46.340231 1.041573
46.541724 0.866197
46.723243 0.961513
46.912277 0.923289
47.108170 0.890958
47.314796 0.844682
47.518319 0.857559
47.731750 0.817747
47.949038 0.803233
48.162775 0.816581
48.412992 0.697525
48.638276 0.774725
48.898586 0.670480
49.152958 0.686133
49.420540 0.652260
49.700850 0.622643
49.982090 0.620583
50.304207 0.541831
50.639285 0.520873
50.998317 0.486121
51.401256 0.433150
51.860972 0.379653
52.342722 0.362290
52.942150 0.291166
53.898881 0.182426
56.915850 0.057850
57.666053 0.232647
58.223477 0.313106
58.768074 0.320481
59.198901 0.405111
59.603838 0.431012
59.954984 0.497039
60.309967 0.491665
60.623191 0.557215
60.942300 0.546938
61.222486 0.622917
61.498894 0.631433
61.773203 0.636264
62.016517 0.717314
62.296786 0.622735
62.529274 0.750716
62.765528 0.738752
62.993859 0.764385
63.214246 0.791941
63.444729 0.757248
63.653181 0.837283
63.864610 0.825490
64.062425 0.882303
64.272464 0.830956
64.472945 0.870572
64.660420 0.930964
64.850879 0.916381
65.045972 0.894617
65.225936 0.969818
65.409561 0.950487
65.590165 0.966386
65.760715 1.023350
65.932245 1.017511
66.107742 0.994503
66.280322 1.011316
66.441775 1.081016
66.612497 1.022321
66.769053 1.114827
66.912773 1.214396
67.082115 1.030655
67.230842 1.173511
67.385645 1.127455
67.529195 1.215829
67.683716 1.129511
67.823377 1.249689
67.978838 1.122678
68.113596 1.295162
68.249264 1.286469
68.392790 1.216039
68.527454 1.296058
68.678064 1.158841
68.807700 1.346332
68.944382 1.276933
69.075894 1.327119
69.203618 1.366487
69.342383 1.257758
69.473039 1.335825
69.603705 1.335718
69.725392 1.434269
69.859003 1.306281
69.989631 1.336101
70.108400 1.469522
70.232918 1.401665
70.358615 1.388525
70.483281 1.400008
70.604949 1.434494
70.729664 1.399457
70.845813 1.502665
70.960086 1.527324
71.081754 1.434503
71.201483 1.457737
71.315562 1.529932
71.439160 1.412100
71.549981 1.574913
71.656741 1.634814
71.778459 1.433916
71.883230 1.665840
72.000869 1.483635
72.103486 1.700819
72.218106 1.522708
72.320898 1.697920
72.434568 1.535438
72.541275 1.635623
72.641985 1.733035
72.750670 1.605851
72.855423 1.666141
72.968141 1.548406
73.068860 1.732863
73.171584 1.699044
73.278376 1.634335
73.381173 1.697844
73.484930 1.682127
73.588626 1.683116
73.689416 1.731651
73.788139 1.767905
73.891815 1.683451
73.991623 1.748676
74.088130 1.808517
74.190053 1.712393
74.286901 1.802134
74.385651 1.767422
74.482239 1.806982
74.582953 1.732959
74.677675 1.842571
74.770402 1.882236
74.869143 1.767572
74.968894 1.749693
75.059602 1.924118
75.157330 1.785905
75.251174 1.859826
75.336937 2.035058
75.439616 1.699793
75.529418 1.943530
75.624135 1.842676
75.712449 1.976270
75.808689 1.813527
75.889427 2.161696
75.990170 1.732457
76.073939 2.083515
76.162770 1.964764
76.255398 1.884239
76.338242 2.106779
76.441954 1.682850
76.518792 2.271455
76.609470 1.924755
76.701268 1.901278
76.785066 2.082774
76.876845 1.901669
76.960585 2.084217
77.046415 2.033463
77.133085 2.013764
77.220843 1.988800
77.309219 1.974906
77.389928 2.162486
77.476758 2.010053
77.565536 1.965948
77.651304 2.034935
77.729213 2.240235
77.819767 1.927374
77.898648 2.212616
77.980470 2.133091
78.073169 1.882786
78.156873 2.085113
78.238674 2.133628
78.329483 1.921989
78.409252 2.187990
78.487054 2.243282
78.581759 1.842909
78.667550 2.034406
78.753331 2.034636
78.838155 2.057570
78.929934 1.901663
79.013654 2.084722
79.104389 1.923561
79.189135 2.059471
79.279179 1.938322
79.370439 1.912469
79.454187 2.084030
79.555943 1.715200
79.640736 2.058351
79.737413 1.805313
79.825237 1.987317
79.918966 1.862102
80.016764 1.784630
80.106424 1.946600
80.201286 1.839859
80.295968 1.843365
80.394639 1.768839
80.489422 1.841393
80.586251 1.802477
80.686892 1.734220
80.784659 1.785185
80.882444 1.784869
80.981146 1.768283
81.082929 1.714762
81.179637 1.804741
81.282366 1.698958
81.389164 1.634234
81.495927 1.634771
81.602583 1.636405
81.704304 1.715800
81.806050 1.715385
81.905759 1.750426
82.025415 1.458618
82.128160 1.698697
82.240844 1.548873
82.346623 1.649977
82.459250 1.549650
82.567044 1.619138
82.685743 1.470379
82.788375 1.700577
82.901114 1.548118
83.017766 1.496177
83.129589 1.560796
83.259171 1.346896
83.369915 1.576005
83.494575 1.400073
83.609283 1.521541
83.731005 1.433859
83.858632 1.367520
83.982303 1.411277
84.104946 1.423090
84.231478 1.379358
84.367153 1.286407
84.493849 1.377574
84.622483 1.356819
84.751187 1.356077
84.894725 1.215934
85.026431 1.325171
85.162500 1.282685
85.303656 1.236452
85.443839 1.245040
85.584433 1.241390
85.730105 1.198123
85.877597 1.183340
86.030293 1.143013
86.184838 1.129335
86.330490 1.198285
86.475994 1.199504
86.646652 1.022706
86.798275 1.151098
86.958721 1.087801
87.117441 1.099624
87.289922 1.011895
87.450939 1.083943
87.634384 0.951419
87.799024 1.060086
87.975505 0.988964
88.159931 0.946355
88.336454 0.988728
88.550999 0.813503
88.736456 0.941096
88.934926 0.879390
89.142425 0.841127
89.349076 0.844579
89.579640 0.756983
89.806924 0.767907
90.042306 0.741485
90.279049 0.737226
90.548914 0.646742
90.812691 0.661669
91.085500 0.639761
91.388190 0.576607
91.714358 0.535101
92.056385 0.510290
92.432459 0.464092
92.857263 0.410855
93.318962 0.378023
93.875308 0.313713
94.612586 0.236726
95.861613 0.139735
98.087964 0.078394
99.040390 0.183251
99.715746 0.258431
100.256247 0.322910
100.754950 0.349973
101.193779 0.397724
101.605040 0.424385
101.973983 0.473062
102.326045 0.495745
102.662408 0.518883
102.957314 0.591826
103.284460 0.533501
103.564392 0.623483
103.840621 0.631842
104.107897 0.653007
104.368233 0.670414
104.615575 0.705634
104.855935 0.726130
105.086272 0.757731
105.301791 0.809827
105.540856 0.730062
105.744390 0.857515
105.960825 0.806400
106.163264 0.862147
106.360692 0.884033
106.554190 0.901987
106.739632 0.941176
106.932176 0.906458
107.111712 0.972132
107.293304 0.961127
107.473976 0.966022
107.657462 0.951206
107.820129 1.072943
107.982635 1.074012
108.157083 1.000482
108.323697 1.047528
108.483176 1.094401
108.650848 1.040919
108.808443 1.107478
108.963984 1.122098
109.118538 1.129272
109.273086 1.129309
109.429498 1.115856
109.576058 1.190859
109.723633 1.182677
109.872203 1.174745
110.006899 1.295755
110.163460 1.114797
110.299076 1.286963
110.440698 1.232384
110.578401 1.267455
110.721964 1.215728
110.856601 1.296323
110.988247 1.325775
111.121886 1.306003
111.249609 1.366490
111.388329 1.258174
111.510992 1.422854
111.650643 1.249782
111.772322 1.434380
111.899010 1.377650
112.026619 1.367719
112.144292 1.483200
112.272995 1.356094
112.393702 1.445920
112.511368 1.483299
112.632978 1.435187
112.760619 1.367372
112.868351 1.620063
112.986008 1.483402
113.101724 1.508292
113.220416 1.470465
113.333117 1.548634
113.454038 1.443363
113.567777 1.534508
113.676492 1.605408
113.791188 1.521707
113.898926 1.619973
114.012672 1.534408
114.122295 1.592131
114.234978 1.548873
114.339692 1.666757
114.445865 1.643866
114.561176 1.513578
114.665859 1.667253
114.772588 1.635287
114.878290 1.651185
114.987918 1.592037
115.091935 1.677930
115.193434 1.719567
115.297179 1.682324
115.391142 1.857458
115.509050 1.480242
115.600828 1.901690
115.707556 1.635315
115.808239 1.733488
115.903993 1.822716
116.005725 1.715608
116.102462 1.804213
116.203251 1.731661
116.300924 1.786901
116.397692 1.803620
116.498426 1.732620
116.602101 1.683470
116.687903 2.034119
116.781613 1.862477
116.882383 1.731991
116.976053 1.863286
117.070894 1.840273
117.166566 1.824277
117.262497 1.819349
117.358083 1.825941
117.453596 1.827323
117.548265 1.843614
117.646090 1.784123
117.739834 1.861804
117.839493 1.751308
117.935292 1.821858
118.029233 1.857893
118.135702 1.639287
118.234502 1.766522
118.332178 1.786869
118.436004 1.681015
118.534675 1.768823
118.639423 1.666228
118.743167 1.682346
118.846005 1.697157
118.946589 1.735199
119.062635 1.503995
119.162565 1.746547
119.272755 1.583931
119.380481 1.620160
119.490321 1.588977
119.599062 1.605024
119.702814 1.682214
119.818498 1.508709
119.929319 1.574896
120.044765 1.511817
120.162575 1.481487
120.280220 1.483556
120.389857 1.591905
120.500677 1.574930
120.626265 1.389726
120.744924 1.470879
120.863697 1.469464
120.994259 1.336778
121.113045 1.469307
121.234576 1.436122
121.365347 1.334644
121.489299 1.408070
121.617912 1.357041
121.747537 1.346448
121.881181 1.305947
122.013851 1.315541
122.141494 1.367360
122.286207 1.206060
122.424811 1.259223
122.560430 1.286929
122.706086 1.198262
122.851688 1.198696
122.995823 1.210901
123.148879 1.140318
123.294439 1.199041
123.442095 1.182026
123.611638 1.029433
123.757230 1.198778
123.926812 1.029198
124.087327 1.087326
124.251956 1.060162
124.421459 1.029678
124.586010 1.060657
124.763548 0.983075
124.943046 0.972341
125.127492 0.946255
125.314077 0.935407
125.513613 0.874691
125.698070 0.946199
125.889490 0.911782
126.100962 0.825326
126.312595 0.824694
126.524817 0.822409
126.763238 0.732034
126.993555 0.757796
127.227893 0.744791
127.487678 0.671837
127.746854 0.673414
128.033234 0.609445
128.321418 0.605629
128.632626 0.560824
128.962723 0.528733
129.294794 0.525589
129.719961 0.410504
130.148896 0.406899
130.657511 0.343154
131.276877 0.281793
132.171603 0.195069
134.053729 0.092732
135.594740 0.113259
136.402635 0.216034
137.030007 0.278197
137.556125 0.331737
138.054669 0.350085
138.486604 0.404072
138.872591 0.452173
139.237642 0.478106
139.598880 0.483153
139.921952 0.540229
140.227133 0.571898
140.532390 0.571758
140.810556 0.627440
141.079989 0.647778
141.356117 0.632074
141.610140 0.687075
141.854543 0.714121
142.095989 0.722864
142.319303 0.781557
142.526763 0.841286
142.761137 0.744676
142.968549 0.841481
143.180089 0.825060
143.372555 0.906824
143.571760 0.876147
143.757226 0.941048
143.959648 0.862225
144.139249 0.971780
144.317742 0.977814
144.501282 0.950925
144.665841 1.060611
144.860181 0.898079
145.022806 1.073225
145.194407 1.017086
145.356960 1.073703
145.518804 1.078402
145.689340 1.023436
145.850910 1.080228
146.006569 1.121253
146.159201 1.143485
146.324709 1.054532
146.475297 1.159012
146.624910 1.166562
146.770445 1.199252
146.929332 1.098469
147.068731 1.252039
147.216340 1.182404
147.358997 1.223440
147.499188 1.244966
147.637746 1.259634
147.782484 1.205856
147.919088 1.277656
148.058724 1.249916
148.195707 1.274124
148.325063 1.349240
148.447704 1.423125
148.584355 1.277217
148.713909 1.347178
148.840592 1.377717
148.961288 1.446058
149.090913 1.346442
149.210581 1.458474
149.340214 1.346367
149.462483 1.427449
149.577214 1.521232
149.703017 1.387347
149.818714 1.508536
149.949379 1.335736
150.063055 1.535353
150.179217 1.502495
150.293371 1.528921
150.411005 1.483692
150.529249 1.476047
150.644447 1.515061
150.760188 1.507964
150.868778 1.607264
150.988545 1.457273
151.099268 1.576307
151.207916 1.606403
151.316662 1.604958
151.429436 1.547641
151.539306 1.588527
151.644958 1.651971
151.758730 1.534052
151.862642 1.679621
151.971145 1.608564
152.084711 1.536839
152.193622 1.602529
152.302353 1.605179
152.420006 1.483460
152.525723 1.650937
152.628404 1.699759
152.748206 1.456845
152.858793 1.578242
152.977479 1.470543
153.085249 1.619499
153.203945 1.470420
153.319619 1.508832
153.437285 1.483283
153.555499 1.476419
153.671173 1.508841
153.796161 1.396392
153.913489 1.487565
154.051076 1.268530
154.163810 1.548186
154.289492 1.388681
154.421066 1.326497
154.542764 1.434148
154.680429 1.267809
154.809108 1.356349
154.944633 1.287823
155.076359 1.324975
155.221863 1.199505
155.358593 1.276474
155.492822 1.300268
155.633738 1.238560
155.784366 1.158697
155.931963 1.182496
156.077572 1.198648
156.228150 1.159081
156.379158 1.155787
156.530413 1.153901
156.691921 1.080647
156.853514 1.080072
157.018998 1.054683
157.187597 1.035199
157.349172 1.080197
157.511058 1.078120
157.698638 0.930444
157.876102 0.983484
158.058561 0.956559
158.234157 0.993950
158.432615 0.879443
158.615109 0.956379
158.824524 0.833430
159.021993 0.883848
159.225471 0.857750
159.450873 0.774319
159.660471 0.832701
159.913821 0.688900
160.142263 0.764014
160.387600 0.711403
160.646934 0.673004
160.911206 0.660428
161.215432 0.573694
161.517708 0.577396
161.836858 0.546867
162.184942 0.501412
162.592827 0.427897
163.029681 0.399522
163.519709 0.356169
164.144138 0.279508
165.100611 0.182476
166.485505 0.126026
168.206759 0.101399
169.036541 0.210336
169.673830 0.273868
170.182518 0.343104
170.697171 0.339127
171.112017 0.420718
171.502010 0.447528
171.864305 0.481742
172.208282 0.507397
172.530534 0.541604
172.832812 0.577392
173.120906 0.605818
173.383283 0.665201
173.671506 0.605548
173.918064 0.707877
174.175315 0.678455
174.407619 0.751312
174.637099 0.760556
174.865287 0.764868
175.071737 0.845398
175.294151 0.784723
175.500606 0.845378
175.701089 0.870560
175.906554 0.849456
176.110976 0.853787
176.286495 0.994384
176.468987 0.956384
176.657490 0.925892
176.836004 0.977698
177.013577 0.982878
177.197071 0.951163
177.368633 1.017319
177.537488 1.033627
177.706889 1.030293
177.868461 1.080220
178.035951 1.042052
178.196647 1.086103
178.358125 1.080847
178.514691 1.114756
178.663526 1.172663
178.833867 1.024607
178.979799 1.195988
179.129378 1.166828
179.283654 1.131305
179.433264 1.166580
179.576219 1.220900
179.725891 1.166103
179.868543 1.223484
180.001207 1.315601
180.149805 1.174531
180.281483 1.325457
180.424947 1.216557
180.559718 1.295033
180.694294 1.296915
180.826995 1.315234
180.954622 1.367528
181.091258 1.277354
181.222867 1.326148
181.346828 1.407966
181.477180 1.338927
181.611158 1.302704
181.725864 1.521566
181.845814 1.455051
181.976175 1.338844
182.100856 1.399834
182.221489 1.446804
182.350235 1.355643
182.469879 1.458765
182.590544 1.446428
182.713525 1.419187
182.835979 1.425284
182.963759 1.365887
183.088252 1.401955
183.214909 1.377990
183.343564 1.356598
183.468258 1.399691
183.608525 1.244295
183.741142 1.316061
183.875822 1.295917
184.007425 1.326207
184.151082 1.214930
184.291637 1.241736
184.433330 1.231769
184.576841 1.216160
184.709509 1.315565
184.874074 1.060575
185.015745 1.231954
185.173227 1.108276
185.324872 1.150932
185.483494 1.100304
185.640478 1.111789
185.798108 1.107228
185.963832 1.053158
186.127202 1.068329
186.302790 0.993992
186.478262 0.994645
186.662935 0.945091
186.830329 1.042647
187.006813 0.988946
187.207294 0.870572
187.395905 0.925358
187.595955 0.872446
187.807125 0.826506
188.018632 0.825185
188.229250 0.828671
188.455324 0.772017
188.685791 0.757302
188.933088 0.705762
189.181434 0.702782
189.440737 0.673084
189.719048 0.627115
189.991381 0.640881
190.323403 0.525666
190.647837 0.537961
190.999821 0.495855
191.389576 0.447802
191.833256 0.393375
192.337987 0.345794
192.964232 0.278697
193.915298 0.183513
197.038743 0.055878
197.935782 0.194566
198.604919 0.260833
199.203413 0.291620
199.699695 0.351681
200.139487 0.396853
200.545389 0.429988
200.943401 0.438512
201.299469 0.490167
201.623800 0.538132
201.941123 0.550017
202.251315 0.562662
202.539416 0.605803
202.811752 0.640875
203.085057 0.638601
203.334392 0.699993
203.580700 0.708597
203.832411 0.693384
204.067822 0.741399
204.293551 0.773195
204.519830 0.771319
204.723993 0.854870
204.922554 0.878987
205.140927 0.799245
205.337444 0.888132
205.533801 0.888853
205.714508 0.965836
205.905936 0.911739
206.082456 0.988742
206.268957 0.935829
206.439472 1.023563
206.607015 1.041720
206.783663 0.988030
206.942182 1.101017
207.126675 0.946014
207.280306 1.136056
207.445959 1.053608
207.601425 1.122638
207.759325 1.105340
207.922901 1.066982
208.071695 1.172985
208.225072 1.137937
208.370710 1.198402
208.531342 1.086539
208.672808 1.233741
208.817482 1.206384
208.957043 1.250587
209.105733 1.173806
209.246601 1.238979
209.385001 1.261083
209.527567 1.224219
209.665732 1.263223
209.805385 1.249764
209.946159 1.239809
210.088605 1.225260
210.233296 1.206238
210.373844 1.241804
210.512602 1.257823
210.647248 1.296242
210.812858 1.053879
210.959331 1.191571
211.113900 1.129157
211.261478 1.182645
211.422033 1.087064
211.575711 1.135705
211.745866 1.025725
211.906101 1.089231
212.071630 1.054394
212.244047 1.012277
212.407728 1.066298
212.605150 0.884057
212.777689 1.011557
212.966173 0.925983
213.156706 0.916028
213.343131 0.936206
213.551678 0.836901
213.757021 0.849958
213.967511 0.829175
214.179294 0.824113
214.419284 0.727248
214.653647 0.744714
214.891001 0.735326
215.143245 0.691922
215.418688 0.633645
215.695861 0.629689
215.986046 0.601454
216.305089 0.547052
216.630363 0.536572
217.000307 0.471781
217.428201 0.407889
217.918948 0.355647
218.528250 0.286447
219.497768 0.180020
222.495446 0.058223
223.319240 0.211865
223.947189 0.277941
224.496807 0.317553
224.967479 0.370816
225.376341 0.426875
225.776564 0.436089
226.140544 0.479513
226.494591 0.492966
226.814888 0.544909
227.123938 0.564741
227.419187 0.591137
227.689215 0.646352
227.984538 0.590990
228.246195 0.667029
228.497352 0.694916
228.741578 0.714637
228.985949 0.714212
229.216262 0.757809
229.443608 0.767697
229.659231 0.809433
229.863909 0.852722
230.087092 0.782018
230.281666 0.896997
230.488094 0.845492
230.680588 0.906689
230.871089 0.916181
231.057571 0.935926
231.235145 0.982872
231.417568 0.956750
231.597203 0.971597
231.769222 1.014612
231.946872 0.982453
232.123222 0.989696
232.278754 1.122169
232.438379 1.093395
232.606897 1.035691
232.768482 1.080131
232.924079 1.121699
233.091645 1.041580
233.250274 1.100261
233.404787 1.129562
233.572404 1.041260
233.728294 1.119593
233.899848 1.017364
234.065413 1.054169
234.236964 1.017382
234.406521 1.029347
234.576046 1.029538
234.774446 0.879703
234.958965 0.945879
235.152509 0.901772
235.350892 0.879781
235.556374 0.849382
235.767837 0.825357
235.983308 0.810009
236.209675 0.771017
236.432169 0.784437
236.693321 0.668321
236.932833 0.728702
237.209075 0.631810
237.487292 0.627327
237.776568 0.603345
238.091727 0.553792
238.413924 0.541696
238.792846 0.460604
239.191784 0.437494
239.643575 0.386314
240.179473 0.325683
240.874242 0.251210
241.878491 0.173795
244.317353 0.071563
245.216908 0.194021
245.811477 0.293545
246.334127 0.333939
246.757015 0.412717
247.174851 0.417706
247.531975 0.488718
247.900072 0.474150
248.219312 0.546712
248.522531 0.575601
248.825719 0.575660
249.094901 0.648383
249.401196 0.569818
249.647498 0.708615
249.907891 0.670268
250.155186 0.705767
250.388557 0.747878
250.632943 0.714168
250.860298 0.767666
251.082793 0.784436
251.290161 0.841660
251.517597 0.767392
251.726112 0.837030
251.925727 0.874350
252.122186 0.888392
252.326536 0.854089
252.514085 0.930599
252.702483 0.926404
252.896080 0.901528
253.074527 0.978063
253.261082 0.935558
253.454520 0.902267
253.647128 0.906158
253.838604 0.911512
254.037945 0.875550
254.230582 0.906023
254.417072 0.935883
254.638486 0.788265
254.847124 0.836534
255.073281 0.771734
255.289652 0.806636
255.531159 0.722684
255.764422 0.748222
256.024689 0.670592
256.278029 0.688928
256.547487 0.647718
256.842564 0.591483
257.124749 0.618505
257.484800 0.484745
257.813918 0.530304
258.192712 0.460760
258.608597 0.419666
259.078362 0.371533
259.696201 0.282489
260.540494 0.206721
262.333311 0.097351
263.760808 0.122265
264.539971 0.224000
265.126424 0.297608
265.626128 0.349272
266.068645 0.394410
266.444692 0.464126
266.849627 0.431014
267.173714 0.538537
267.513894 0.513060
267.814954 0.579729
268.101241 0.609644
268.383464 0.618421
268.641722 0.675810
268.901990 0.670587
269.152216 0.697503
269.393667 0.722848
269.634111 0.725880
269.869516 0.741414
270.079380 0.831646
270.285405 0.847145
270.506837 0.788201
270.714339 0.841115
270.921672 0.841802
271.132203 0.829013
271.342603 0.829526
271.540062 0.883896
271.751514 0.825403
271.958589 0.842848
272.180245 0.787405
272.400390 0.792809
272.632836 0.750853
272.875166 0.720229
273.109515 0.744755
273.394683 0.612036
273.674005 0.624845
273.971539 0.586597
274.293692 0.541771
274.658689 0.478176
275.040740 0.456832
275.479703 0.397602
275.995875 0.338129
276.589827 0.293850
277.721849 0.154178
280.303565 0.067603
281.169296 0.201602
281.857532 0.253594
282.421936 0.309234
282.907714 0.359285
283.380493 0.369164
283.788417 0.427856
284.171787 0.455260
284.521861 0.498560
284.883995 0.481956
285.203072 0.546993
285.508279 0.571852
285.801598 0.595028
286.090164 0.604828
286.364369 0.636506
286.627611 0.663013
286.888978 0.667769
287.141311 0.691676
287.399531 0.675907
287.664908 0.657681
287.925552 0.669621
288.198947 0.638392
288.479410 0.622303
288.756373 0.630166
289.042661 0.609640
289.387671 0.505879
289.725863 0.516076
290.107907 0.456840
290.497043 0.448513
290.978595 0.362439
291.495254 0.337811
292.203976 0.246264
293.191330 0.176768
