7.286201 0.023954
8.067401 0.223416
8.551183 0.360767
8.938144 0.451035
9.243420 0.571722
9.522562 0.625249
9.797329 0.635203
10.039367 0.721097
10.272835 0.747568
10.495309 0.784509
10.703775 0.837222
10.897278 0.901966
11.087685 0.916632
11.270269 0.955904
11.451780 0.961554
11.618309 1.048066
11.785670 1.042852
11.942178 1.115169
12.088322 1.194252
12.251819 1.067501
12.397450 1.198461
12.541265 1.213595
12.680573 1.252856
12.821322 1.240028
12.955908 1.296810
13.085549 1.346276
13.217232 1.325410
13.332941 1.508379
13.470571 1.268128
13.583322 1.547951
13.708987 1.388876
13.827576 1.471743
13.938186 1.577906
14.052578 1.525744
14.160554 1.616405
14.270186 1.591995
14.382900 1.548464
14.483614 1.732959
14.592568 1.601893
14.702983 1.580688
14.796742 1.861510
14.897495 1.732297
15.002239 1.666279
15.099970 1.785839
15.198710 1.767610
15.300375 1.716737
15.396203 1.821318
15.488884 1.883155
15.589661 1.731869
15.682404 1.881899
15.780617 1.777100
15.870034 1.951899
15.960929 1.920143
16.054033 1.874604
16.140356 2.021864
16.238124 1.785174
16.323947 2.033638
16.410750 2.010669
16.498364 1.992067
16.589181 1.921824
16.673925 2.059524
16.763770 1.942600
16.846494 2.109822
16.929204 2.110182
17.022065 1.879507
17.096842 2.334052
17.190505 1.863418
17.271384 2.157935
17.352125 2.161655
17.433947 2.133068
17.509769 2.301874
17.594505 2.059721
17.673276 2.215720
17.752239 2.210316
17.833716 2.142100
17.913050 2.199987
17.988119 2.324948
18.061833 2.367710
18.145679 2.081579
18.216440 2.466541
18.293338 2.269650
18.373044 2.189725
18.447861 2.332779
18.516693 2.535636
18.596508 2.186737
18.666195 2.504501
18.741288 2.324230
18.811879 2.472470
18.884656 2.398175
18.957474 2.396828
19.021295 2.734747
19.103147 2.132288
19.168934 2.652992
19.239727 2.465402
19.311493 2.431986
19.380351 2.534679
19.445155 2.693222
19.516985 2.429819
19.586824 2.499057
19.646682 2.915802
19.722438 2.303873
19.782896 2.886851
19.856114 2.383743
19.918394 2.802423
19.986806 2.551170
20.054203 2.589624
20.113481 2.944317
20.182312 2.535670
20.249102 2.613183
20.308977 2.914960
20.373814 2.691856
20.438621 2.693131
20.497431 2.967717
20.559314 2.820401
20.628169 2.534789
20.687993 2.917445
20.750755 2.780829
20.812644 2.820128
20.873468 2.869442
20.936213 2.781649
20.996080 2.915335
21.054937 2.965393
21.119789 2.691245
21.179610 2.917572
21.240438 2.869267
21.301268 2.869210
21.356111 3.182428
21.421050 2.687623
21.474985 3.236028
21.534734 2.921063
21.593584 2.965730
21.655431 2.822039
21.715094 2.925317
21.769924 3.183130
21.830437 2.884236
21.884885 3.205503
21.949246 2.711755
21.999810 3.451723
22.061055 2.849745
22.120477 2.937206
22.171185 3.441900
22.233190 2.814825
22.281932 3.580728
22.339836 3.014214
22.395725 3.122805
22.449548 3.242762
22.506384 3.070795
22.567239 2.868022
22.615993 3.579847
22.669981 3.232828
22.725080 3.167613
22.780656 3.140420
22.833419 3.307897
22.891482 3.005897
22.944258 3.307076
22.995136 3.430440
23.054000 2.965015
23.104806 3.435248
23.161685 3.068506
23.213408 3.374364
23.266339 3.297373
23.319159 3.304284
23.367052 3.644264
23.420921 3.239963
23.472787 3.365061
23.523628 3.432910
23.577620 3.232558
23.629361 3.373236
23.680312 3.425485
23.733128 3.304571
23.782432 3.539927
23.832837 3.462563
23.890685 3.017111
23.937321 3.742442
23.990107 3.306443
24.038645 3.595770
24.087744 3.554758
24.139538 3.369706
24.188540 3.561758
24.238412 3.499610
24.289196 3.436790
24.340155 3.425001
24.388952 3.576714
24.443895 3.176589
24.486672 4.080112
24.535545 3.571094
24.585382 3.502124
24.636244 3.431486
24.682254 3.793328
24.732035 3.506043
24.782936 3.428877
24.829755 3.727846
24.880660 3.428547
24.926519 3.805926
24.977422 3.428715
25.028268 3.432559
25.077167 3.569275
25.123975 3.728722
25.170892 3.719996
25.225733 3.182561
25.274585 3.572651
25.325424 3.433025
25.376367 3.426077
25.427367 3.422241
25.478033 3.444747
25.526884 3.572782
25.575907 3.560189
25.630680 3.186460
25.685478 3.185035
25.733374 3.644021
25.787737 3.210533
25.838783 3.419083
25.894103 3.154964
25.943266 3.550087
25.991767 3.598565
26.050020 2.996114
26.100013 3.491147
26.152941 3.297597
26.208922 3.117712
26.264671 3.130647
26.316565 3.363258
26.370453 3.238851
26.426300 3.125187
26.482135 3.125869
26.535863 3.248472
26.594805 2.961086
26.652609 3.019402
26.708727 3.110067
26.761327 3.318142
26.821210 2.914551
26.877215 3.116414
26.932924 3.132934
26.994794 2.820948
27.049586 3.185343
27.106391 3.072541
27.169238 2.777077
27.228122 2.964013
27.282901 3.186169
27.343829 2.864548
27.403622 2.918948
27.466359 2.782000
27.528371 2.814484
27.587038 2.975001
27.642143 3.167268
27.712812 2.469720
27.769742 3.065725
27.834835 2.681281
27.898550 2.739284
27.963900 2.670765
28.025429 2.836592
28.084023 2.978667
28.150346 2.631567
28.219175 2.535740
28.282939 2.737187
28.349830 2.609210
28.418591 2.538236
28.483404 2.692869
28.543364 2.910813
28.616125 2.398725
28.680947 2.692491
28.751699 2.466848
28.824678 2.391553
28.893430 2.538565
28.963178 2.502339
29.033972 2.465360
29.099867 2.648640
29.176617 2.274056
29.245427 2.536462
29.321204 2.303238
29.393080 2.428250
29.462891 2.500071
29.544678 2.134004
29.619351 2.337290
29.697228 2.241121
29.770038 2.397117
29.850846 2.159834
29.928256 2.254653
30.006432 2.232590
30.087826 2.144295
30.161909 2.355907
30.249641 1.989385
30.329484 2.185938
30.415237 2.035310
30.496044 2.159871
30.577777 2.135414
30.663640 2.032681
30.744317 2.163362
30.834120 1.943496
30.924944 1.921663
31.012639 1.990236
31.103399 1.923016
31.200143 1.804062
31.282895 2.109106
31.370717 1.987358
31.470401 1.750858
31.564114 1.862422
31.663936 1.748443
31.763681 1.749784
31.865008 1.722479
31.963824 1.766236
32.068677 1.664555
32.176048 1.625513
32.281694 1.652053
32.387479 1.649874
32.499150 1.562924
32.611829 1.548942
32.717563 1.650676
32.847274 1.345553
32.962988 1.508319
33.083617 1.446857
33.207229 1.411935
33.341243 1.302354
33.469543 1.360342
33.604221 1.295932
33.746803 1.224087
33.879316 1.317105
34.034551 1.124315
34.180229 1.198072
34.340733 1.087401
34.502327 1.080071
34.668797 1.048436
34.841588 1.010083
35.014911 1.006979
35.210411 0.892754
35.406851 0.888480
35.618389 0.825065
35.852938 0.744122
36.108605 0.682656
36.369859 0.668060
36.669002 0.583443
37.066966 0.438564
37.583583 0.337838
39.109488 0.114380
39.882086 0.225904
40.364805 0.361562
40.731790 0.475586
41.026035 0.593155
41.340201 0.555544
41.588477 0.702977
41.832853 0.714199
42.045033 0.822568
42.262603 0.802194
42.455099 0.906685
42.652548 0.883938
42.829057 0.988806
43.004610 0.994188
43.176135 1.017535
43.331692 1.121986
43.509326 0.982542
43.658133 1.172882
43.808000 1.164587
43.955246 1.185318
44.093815 1.259533
44.239980 1.194086
44.378622 1.258872
44.515269 1.277257
44.641969 1.377525
44.778542 1.277951
44.906113 1.368123
45.026820 1.445913
45.148548 1.433805
45.275253 1.377469
45.390797 1.510529
45.508856 1.478362
45.623271 1.525436
45.731036 1.619558
45.846203 1.515477
45.955476 1.597231
46.065153 1.591324
46.170832 1.651543
46.280520 1.591180
46.378311 1.784747
46.471926 1.864377
46.581688 1.590095
46.681377 1.750783
46.778210 1.802413
46.872985 1.841554
46.972602 1.752041
47.063438 1.921401
47.157119 1.863050
47.249865 1.881840
47.338616 1.966559
47.433431 1.840767
47.516170 2.109429
47.614940 1.767068
47.700733 2.034359
47.786397 2.037406
47.876877 1.928967
47.956715 2.186075
48.050070 1.869562
48.134115 2.076678
48.214140 2.180975
48.294993 2.158650
48.385713 1.923857
48.463477 2.244381
48.545324 2.132442
48.625051 2.189132
48.705812 2.161109
48.786576 2.161010
48.863441 2.270633
48.948151 2.060380
49.021942 2.365204
49.098812 2.270515
49.178628 2.186674
49.258349 2.189310
49.332150 2.364922
49.405976 2.364089
49.482819 2.271310
49.552604 2.501006
49.628363 2.303776
49.699149 2.465638
49.772007 2.395532
49.841314 2.518269
49.914370 2.389010
49.983246 2.534046
50.057883 2.338402
50.128762 2.462407
50.196008 2.595466
50.264883 2.534024
50.330574 2.656910
50.408442 2.241377
50.472278 2.734083
50.540068 2.574623
50.610857 2.465530
50.676708 2.650430
50.745482 2.537760
50.809433 2.729158
50.876167 2.615368
50.943115 2.607000
51.011738 2.543370
51.076735 2.685221
51.136450 2.922775
51.205265 2.536278
51.271114 2.650490
51.333948 2.777678
51.396761 2.778620
51.462630 2.649697
51.519414 3.073612
51.584338 2.688290
51.649052 2.696947
51.713973 2.688422
51.776851 2.775739
51.837904 2.858702
51.896986 2.954074
51.953667 3.079230
52.023433 2.501672
52.078061 3.194947
52.142663 2.701648
52.198490 3.126357
52.259298 2.870211
52.319119 2.917572
52.378985 2.915413
52.435776 3.073271
52.496686 2.865423
52.554475 3.020165
52.610368 3.122615
52.671242 2.867104
52.728016 3.074181
52.787863 2.916328
52.841741 3.239392
52.901543 2.918513
52.956417 3.180618
53.014279 3.016391
53.069108 3.183200
53.127985 2.964365
53.182825 3.182607
53.243666 2.868663
53.294565 3.428965
53.353351 2.968959
53.407249 3.238214
53.465032 3.020494
53.516950 3.361723
53.572798 3.125125
53.629635 3.070757
53.684420 3.185814
53.738325 3.237781
53.797155 2.966743
53.852949 3.128144
53.908297 3.153357
53.964354 3.113512
54.016226 3.364691
54.073884 3.027037
54.132377 2.983826
54.188953 3.084896
54.242911 3.234637
54.302641 2.922012
54.358481 3.125612
54.420427 2.817515
54.480202 2.919827
54.534083 3.239193
54.596871 2.779736
54.651721 3.181981
54.717585 2.649907
54.775621 3.007296
54.836221 2.880124
54.899093 2.775969
54.954843 3.130680
55.023734 2.533443
55.081596 3.016391
55.142459 2.867622
55.205253 2.779461
55.270049 2.693546
55.334874 2.692391
55.397688 2.778563
55.460618 2.773463
55.528374 2.575904
55.591385 2.769858
55.658226 2.611189
55.725040 2.612209
55.788689 2.742133
55.856682 2.566902
55.922666 2.645091
55.991116 2.549765
56.062408 2.448159
56.127993 2.661167
56.197259 2.519767
56.260111 2.776878
56.337966 2.241769
56.406745 2.537564
56.477575 2.464110
56.546394 2.536123
56.620132 2.366930
56.692119 2.424516
56.769751 2.248214
56.841682 2.426370
56.913363 2.434883
56.988246 2.330742
57.059024 2.465893
57.142800 2.083346
57.214564 2.432030
57.297376 2.107593
57.371146 2.365906
57.451884 2.161696
57.536691 2.058018
57.613520 2.271703
57.697295 2.083348
57.778043 2.161452
57.867507 1.950875
57.947003 2.195479
58.030472 2.090996
58.120316 1.942622
58.206955 2.014482
58.295847 1.963440
58.381560 2.036243
58.471368 1.943409
58.561152 1.943920
58.658057 1.801063
58.750595 1.886074
58.848362 1.785180
58.944093 1.823160
59.039753 1.824526
59.136545 1.803164
59.229338 1.880895
59.342302 1.545034
59.437759 1.828393
59.542474 1.666730
59.644237 1.715096
59.753886 1.591741
59.859126 1.658431
59.975627 1.498126
60.081321 1.651310
60.196555 1.514585
60.320171 1.411899
60.428866 1.605713
60.564561 1.286213
60.684165 1.459255
60.812877 1.356003
60.940510 1.367457
61.075468 1.293236
61.221788 1.192817
61.364442 1.223475
61.506931 1.224881
61.657860 1.156396
61.829175 1.018784
61.990797 1.079878
62.162610 1.015834
62.342117 0.972290
62.533547 0.911731
62.732967 0.875203
62.945506 0.821182
63.177845 0.751199
63.415241 0.735196
63.684521 0.648148
63.994623 0.562824
64.350512 0.490414
64.786399 0.400409
65.448663 0.263540
67.537808 0.083543
68.058963 0.334896
68.462193 0.432837
68.819315 0.488721
69.129344 0.562956
69.393772 0.660038
69.658344 0.659681
69.894473 0.739144
70.124027 0.760313
70.338122 0.815212
70.538596 0.870599
70.738051 0.875049
70.912591 0.999965
71.108127 0.892584
71.279631 1.017660
71.447177 1.041701
71.608780 1.080012
71.767353 1.100651
71.923305 1.119142
72.067633 1.209284
72.216356 1.173543
72.346000 1.346251
72.497617 1.151143
72.626234 1.356991
72.761918 1.286320
72.890532 1.357029
73.015131 1.400757
73.136870 1.433661
73.250507 1.535887
73.373184 1.422706
73.493917 1.445612
73.603590 1.591382
73.720225 1.496409
73.835945 1.508239
73.942700 1.634885
74.047320 1.668253
74.158996 1.562854
74.258635 1.751649
74.366218 1.622322
74.471062 1.664684
74.572792 1.715650
74.674758 1.711679
74.774138 1.756211
74.868877 1.842250
74.969709 1.730930
75.067461 1.785474
75.162122 1.843754
75.256945 1.840635
75.342707 2.035082
75.444431 1.715740
75.530259 2.033522
75.618931 1.968296
75.712764 1.860052
75.801470 1.967530
75.887260 2.034430
75.975804 1.971130
76.060491 2.060939
76.145379 2.056016
76.236055 1.924795
76.314968 2.211727
76.400678 2.036312
76.485374 2.060706
76.564281 2.211884
76.646001 2.135740
76.724786 2.215318
76.804612 2.186409
76.886347 2.135346
76.962250 2.299412
77.040911 2.218799
77.121806 2.157540
77.194520 2.400246
77.266339 2.430184
77.347208 2.158221
77.423912 2.275423
77.497684 2.365839
77.572467 2.333833
77.645352 2.394644
77.716098 2.467039
77.789934 2.363792
77.862779 2.395962
77.937030 2.350555
78.008383 2.446069
78.077643 2.519971
78.152393 2.334876
78.214268 2.820743
78.291442 2.261539
78.361918 2.476505
78.430646 2.539451
78.499458 2.536388
78.570357 2.461712
78.633159 2.779089
78.699998 2.611240
78.771791 2.431078
78.835616 2.734554
78.905377 2.501877
78.966226 2.868286
79.039007 2.398046
79.100918 2.819085
79.168777 2.571986
79.233535 2.695156
79.292443 2.962835
79.359260 2.612088
79.425123 2.649939
79.487869 2.781583
79.551710 2.733869
79.618501 2.613113
79.676431 3.012830
79.734141 3.024347
79.803048 2.532877
79.863911 2.867641
79.924950 2.859330
79.985382 2.888116
80.047597 2.805283
80.106630 2.956531
80.169866 2.760047
80.231049 2.852656
80.295904 2.691096
80.354697 2.968610
80.420488 2.652843
80.480361 2.915042
80.542398 2.813359
80.610987 2.544620
80.674797 2.735218
80.737628 2.777815
80.802482 2.691179
80.868332 2.650438
80.933125 2.693721
80.998966 2.650800
81.069778 2.464761
81.130571 2.870914
81.202459 2.427845
81.266250 2.736003
81.343065 2.272144
81.411864 2.536816
81.477693 2.651348
81.545545 2.572255
81.615357 2.500038
81.688134 2.398185
81.758112 2.494108
81.830825 2.400279
81.903681 2.395601
81.982864 2.204160
82.047906 2.683400
82.118311 2.478985
82.197682 2.198948
82.275526 2.242094
82.353314 2.243708
82.431071 2.244586
82.508100 2.265796
82.588697 2.165510
82.663496 2.333359
82.747291 2.082851
82.828022 2.161920
82.908127 2.178805
82.989640 2.141161
83.074707 2.051702
83.153175 2.224259
83.245911 1.882037
83.330774 2.056641
83.416445 2.037268
83.508331 1.899436
83.597044 1.967388
83.688806 1.902019
83.780528 1.902857
83.869292 1.966247
83.962316 1.876222
84.063227 1.729575
84.157453 1.852282
84.259185 1.715613
84.359827 1.734189
84.462629 1.697763
84.559476 1.802138
84.662103 1.700665
84.769769 1.621062
84.873427 1.683725
84.982211 1.604402
85.098877 1.496005
85.214561 1.508711
85.322266 1.620460
85.437972 1.508424
85.559677 1.434063
85.680334 1.446530
85.802948 1.423426
85.939741 1.275894
86.069594 1.344076
86.200023 1.338147
86.346832 1.188844
86.485458 1.259024
86.637974 1.144354
86.790549 1.143920
86.950240 1.092939
87.116718 1.048384
87.281279 1.060596
87.477787 0.888174
87.667282 0.921041
87.866722 0.875113
88.078917 0.822512
88.319565 0.725263
88.565867 0.708613
88.846131 0.622746
89.161310 0.553757
89.509386 0.501422
90.020357 0.341571
90.767588 0.233573
92.319126 0.112490
92.992379 0.259238
93.414185 0.413775
93.785205 0.470414
94.101484 0.551833
94.387679 0.609839
94.669817 0.618608
94.917230 0.705432
95.146582 0.760981
95.361102 0.813597
95.580443 0.795717
95.777926 0.883788
95.960565 0.955617
96.142810 0.957679
96.325350 0.956137
96.491074 1.053154
96.655542 1.061195
96.819049 1.067439
96.967573 1.175115
97.116177 1.174479
97.269815 1.136005
97.409487 1.249595
97.553083 1.215437
97.685732 1.315754
97.818398 1.315585
97.934012 1.509606
98.072453 1.260710
98.196721 1.404490
98.320823 1.406355
98.434532 1.534909
98.555160 1.446876
98.664921 1.590109
98.785630 1.445905
98.895258 1.592043
99.002019 1.634806
99.111807 1.589725
99.216376 1.669065
99.334133 1.482146
99.431885 1.785461
99.536508 1.668218
99.640341 1.680895
99.736005 1.824431
99.842757 1.634937
99.939492 1.804254
100.035106 1.825383
100.131447 1.811620
100.231045 1.752372
100.321764 1.923877
100.416480 1.842699
100.507301 1.921733
100.603041 1.822979
100.692820 1.944028
100.778605 2.034537
100.872264 1.863499
100.956100 2.081842
101.042051 2.030598
101.133596 1.906543
101.221383 1.988127
101.308187 2.010651
101.394952 2.011561
101.471676 2.274815
101.550483 2.214702
101.639260 1.965972
101.720020 2.161109
101.800811 2.160320
101.877700 2.269919
101.964543 2.009759
102.039892 2.316318
102.118858 2.210237
102.195122 2.288521
102.273676 2.221846
102.347523 2.363436
102.420326 2.397312
102.507153 2.010132
102.575013 2.571952
102.652719 2.246062
102.728441 2.304917
102.799276 2.463933
102.876136 2.270784
102.944848 2.540079
103.018677 2.364025
103.088513 2.499190
103.164255 2.304290
103.238159 2.361623
103.304875 2.616062
103.375808 2.460522
103.448474 2.401855
103.517422 2.531356
103.586176 2.538531
103.656007 2.499351
103.724916 2.532818
103.793667 2.538627
103.866350 2.401283
103.938299 2.425780
104.005724 2.588545
104.083068 2.256586
104.149842 2.613805
104.215420 2.661447
104.293508 2.235086
104.364304 2.465276
104.441566 2.258990
104.509041 2.586616
104.585728 2.275916
104.659570 2.363590
104.738366 2.215014
104.813163 2.333393
104.888894 2.304658
104.969635 2.161642
105.039495 2.498303
105.134295 1.841070
105.204083 2.500912
105.286773 2.110674
105.368574 2.133652
105.449413 2.159005
105.540198 1.922497
105.620961 2.161034
105.704713 2.083938
105.788527 2.082366
105.879238 1.924061
105.968956 1.945357
106.055256 2.022402
106.148033 1.881205
106.239897 1.899910
106.331789 1.899325
106.423560 1.901829
106.523133 1.752805
106.616970 1.859970
106.710799 1.860109
106.818459 1.621146
106.915170 1.804695
107.019900 1.666499
107.121629 1.715670
107.226397 1.665902
107.325137 1.767585
107.440702 1.510268
107.550459 1.590170
107.663185 1.548300
107.770820 1.621524
107.894629 1.409688
108.004035 1.595280
108.134089 1.342006
108.248995 1.518919
108.375969 1.374554
108.512446 1.278841
108.635994 1.412683
108.789638 1.135954
108.920319 1.335564
109.069924 1.166623
109.218451 1.175091
109.370072 1.151119
109.538666 1.035224
109.713211 0.999928
109.888641 0.994890
110.072214 0.950756
110.279863 0.840516
110.489274 0.833449
110.708106 0.797565
110.951148 0.718117
111.231323 0.622943
111.535536 0.573719
111.891691 0.490049
112.347861 0.382605
113.048946 0.248947
114.835932 0.097669
115.426415 0.295576
115.859300 0.403186
116.229266 0.471754
116.545118 0.552579
116.827313 0.618481
117.092638 0.657809
117.319975 0.767727
117.574345 0.686140
117.780686 0.845847
117.990128 0.833323
118.186889 0.887032
118.374770 0.928950
118.553074 0.978854
118.728683 0.993872
118.898199 1.029592
119.047763 1.166951
119.216325 1.035423
119.359973 1.215003
119.516520 1.114890
119.659384 1.221671
119.796753 1.270537
119.934404 1.267943
120.059522 1.394941
120.195049 1.287817
120.319875 1.398200
120.443531 1.411449
120.571221 1.366841
120.694878 1.411428
120.806583 1.562455
120.917285 1.576597
121.037976 1.446109
121.148713 1.576102
121.259382 1.577079
121.369110 1.590595
121.480859 1.561828
121.581376 1.736357
121.691543 1.584255
121.788914 1.792445
121.895721 1.634095
121.996451 1.732682
122.094690 1.776614
122.192955 1.776147
122.284837 1.899535
122.392785 1.616824
122.487420 1.844273
122.580174 1.881688
122.674898 1.842534
122.763699 1.965434
122.861398 1.786452
122.949139 1.989163
123.037981 1.964541
123.121726 2.084092
123.218500 1.803514
123.299189 2.163040
123.392180 1.876878
123.477794 2.038610
123.563549 2.035246
123.647339 2.082965
123.727044 2.189758
123.810897 2.081396
123.895917 2.052848
123.972623 2.275355
124.059580 2.007118
124.137524 2.239198
124.215457 2.239543
124.289346 2.362099
124.373065 2.084747
124.448898 2.301525
124.528151 2.202228
124.604619 2.282428
124.685409 2.160344
124.759400 2.358834
124.836869 2.252933
124.914699 2.242498
124.995520 2.159486
125.072205 2.275987
125.149087 2.270128
125.232844 2.083799
125.305636 2.397694
125.395462 1.943013
125.475339 2.185024
125.556959 2.138357
125.640749 2.082993
125.726562 2.033880
125.812280 2.036129
125.902072 1.943738
125.991964 1.941578
126.076101 2.074392
126.172784 1.805217
126.258879 2.027209
126.358415 1.753471
126.448882 1.929244
126.546546 1.787068
126.641471 1.838648
126.734074 1.884744
126.836732 1.700138
126.935572 1.765814
127.035198 1.751869
127.143155 1.616686
127.250728 1.622474
127.351372 1.734147
127.453108 1.715552
127.573834 1.445692
127.680476 1.636628
127.797270 1.494367
127.919831 1.424052
128.038577 1.469803
128.159867 1.438972
128.287693 1.365389
128.414525 1.376100
128.548107 1.306561
128.683833 1.285921
128.824794 1.238158
128.971027 1.193526
129.111576 1.241800
129.274157 1.073510
129.433716 1.093848
129.599350 1.053725
129.775857 0.988815
129.964325 0.926063
130.155850 0.911282
130.363805 0.839280
130.589059 0.774826
130.821563 0.750668
131.114775 0.595245
131.410051 0.591083
131.790027 0.459326
132.260342 0.371098
133.208876 0.184003
134.419518 0.144165
135.050930 0.276417
135.511660 0.378818
135.864761 0.494286
136.220361 0.490812
136.496342 0.632410
136.762635 0.655415
137.008305 0.710438
137.236291 0.765543
137.464784 0.763843
137.671191 0.845575
137.867634 0.888469
138.053199 0.940548
138.250297 0.885512
138.424078 1.004326
138.593574 1.029716
138.762130 1.035464
138.925799 1.066374
139.082244 1.115621
139.230973 1.173492
139.381563 1.159000
139.519070 1.269263
139.659859 1.239673
139.804417 1.207356
139.941530 1.272914
140.070972 1.348350
140.200153 1.351076
140.320183 1.454079
140.433012 1.546880
140.563777 1.334704
140.684397 1.446969
140.802135 1.482383
140.906793 1.667645
141.024825 1.478699
141.132212 1.625266
141.244927 1.548445
141.346584 1.716874
141.449320 1.698849
141.559096 1.589908
141.655892 1.803088
141.767539 1.563264
141.864203 1.805561
141.960969 1.803654
142.062747 1.714846
142.155669 1.878281
142.257476 1.714339
142.353200 1.823295
142.443953 1.923175
142.538639 1.843270
142.636395 1.785401
142.723166 2.011418
142.812910 1.944787
142.902664 1.944559
142.993485 1.921729
143.085181 1.903382
143.169018 2.081835
143.259720 1.924241
143.343544 2.082135
143.434251 1.924131
143.525159 1.919896
143.613852 1.967828
143.701600 1.989034
143.793408 1.901054
143.882107 1.967708
143.965859 2.083913
144.068566 1.699333
144.162356 1.860894
144.260451 1.779223
144.354162 1.862455
144.458171 1.678056
144.553601 1.828897
144.656282 1.699765
144.757072 1.731646
144.860803 1.682560
144.972492 1.562667
145.071219 1.767836
145.197941 1.377289
145.302616 1.667378
145.413324 1.576513
145.531020 1.482917
145.651610 1.447326
145.775432 1.409542
145.903966 1.357879
146.029705 1.388058
146.159428 1.345422
146.302192 1.222533
146.442447 1.244394
146.581970 1.250922
146.730536 1.174787
146.889042 1.101114
147.049655 1.086666
147.214195 1.060734
147.400755 0.935530
147.579242 0.977849
147.784764 0.849215
148.007090 0.785033
148.248031 0.724381
148.512325 0.660374
148.814428 0.577727
149.145597 0.527021
149.527594 0.456897
150.155471 0.277973
151.623043 0.118926
152.461161 0.208244
152.918962 0.381242
153.286903 0.474350
153.629002 0.510182
153.920228 0.599304
154.182795 0.664716
154.439420 0.680109
154.675788 0.738397
154.881178 0.849760
155.095633 0.813844
155.290175 0.897148
155.484573 0.897813
155.663097 0.977646
155.840648 0.983002
156.010265 1.028982
156.164962 1.128221
156.343226 0.979071
156.489061 1.196786
156.642832 1.135015
156.793317 1.159804
156.935938 1.223754
157.073548 1.268318
157.213134 1.250360
157.346827 1.305471
157.468486 1.434612
157.610143 1.232078
157.728741 1.471636
157.857385 1.356712
157.976269 1.468099
158.093800 1.484988
158.207016 1.541591
158.320981 1.531465
158.432949 1.558775
158.542848 1.588124
158.654450 1.563883
158.764170 1.590721
158.874940 1.575622
158.973535 1.770211
159.072267 1.767737
159.179989 1.620219
159.278754 1.767150
159.377449 1.768412
159.480266 1.697514
159.584936 1.667460
159.676648 1.903052
159.776465 1.748515
159.877162 1.733266
159.978747 1.718082
160.083646 1.663824
160.184281 1.734318
160.290721 1.639724
160.392880 1.708446
160.507528 1.522344
160.619208 1.562788
160.728886 1.591326
160.846609 1.482570
160.968240 1.434934
161.086981 1.469870
161.213659 1.377771
161.338294 1.400345
161.459096 1.444793
161.605552 1.191706
161.735256 1.345620
161.883812 1.174865
162.026525 1.222968
162.170922 1.208699
162.324269 1.138160
162.478694 1.130209
162.647193 1.035809
162.813733 1.047993
162.992441 0.976637
163.185773 0.902763
163.391537 0.848218
163.590587 0.876829
163.807052 0.806290
164.065401 0.675569
164.333058 0.652077
164.642754 0.563562
165.034576 0.445440
165.547146 0.340505
167.310263 0.098991
168.029386 0.242702
168.514176 0.360018
168.886141 0.469219
169.203283 0.550330
169.491843 0.604841
169.737797 0.709616
169.957311 0.795085
170.196137 0.730796
170.398221 0.863668
170.600912 0.861077
170.779436 0.977648
170.963997 0.945662
171.126535 1.073796
171.301003 1.000373
171.453597 1.143774
171.608487 1.126819
171.762823 1.130865
171.902410 1.250346
172.063879 1.080912
172.194878 1.332317
172.338679 1.213711
172.471776 1.311320
172.600400 1.356926
172.735054 1.296163
172.860711 1.388961
172.982358 1.434748
173.103006 1.446632
173.230705 1.366747
173.348372 1.483276
173.465075 1.495535
173.578771 1.535080
173.691868 1.543221
173.805176 1.540338
173.913878 1.605612
174.024930 1.571631
174.134243 1.596630
174.243249 1.601142
174.358028 1.520600
174.476286 1.475861
174.586797 1.579326
174.705533 1.469930
174.819214 1.535275
174.930995 1.561387
175.062652 1.325661
175.186221 1.412441
175.313903 1.366930
175.438541 1.400319
175.580196 1.232102
175.711876 1.325430
175.858557 1.189879
175.999995 1.233987
176.148548 1.174889
176.311025 1.074200
176.463419 1.145271
176.651934 0.925832
176.816457 1.060845
177.000955 0.945986
177.192628 0.910575
177.396920 0.854332
177.632238 0.741690
177.878626 0.708365
178.145790 0.653281
178.442621 0.587987
178.827609 0.453347
179.305238 0.365415
180.229836 0.188766
181.425960 0.145915
182.039262 0.284579
182.531976 0.354228
182.895092 0.480653
183.215181 0.545262
183.508531 0.594965
183.779667 0.643711
184.021088 0.722940
184.250788 0.759830
184.465274 0.813727
184.654872 0.920541
184.867221 0.821917
185.038776 1.017356
185.224265 0.940934
185.392044 1.040254
185.559447 1.042594
185.718964 1.094130
185.865584 1.190380
186.021195 1.121598
186.163725 1.224531
186.300844 1.272854
186.445543 1.206179
186.586201 1.240838
186.708292 1.429529
186.836511 1.361212
186.967219 1.335285
187.092042 1.398248
187.211429 1.461904
187.343223 1.324288
187.463875 1.446574
187.581629 1.482184
187.702229 1.447213
187.828881 1.378051
187.953576 1.399671
188.082240 1.356508
188.208891 1.378060
188.345188 1.280538
188.472343 1.372594
188.623927 1.151393
188.771610 1.181805
188.920213 1.174498
189.072730 1.144349
189.239292 1.047855
189.406890 1.041380
189.580451 1.005600
189.769930 0.921116
189.953472 0.950919
190.173925 0.791701
190.382962 0.834937
190.628875 0.709734
190.876419 0.705059
191.159539 0.616463
191.481624 0.541884
191.836582 0.491700
192.335970 0.349493
194.363950 0.086062
195.005174 0.272187
195.417143 0.423656
195.789030 0.469316
196.088261 0.583271
196.364054 0.632841
196.626505 0.665011
196.847833 0.788571
197.097212 0.699872
197.297625 0.870866
197.504055 0.845479
197.696618 0.906371
197.876178 0.972001
198.061584 0.941358
198.234313 1.010445
198.397888 1.066988
198.556066 1.103392
198.725692 1.028932
198.873198 1.183224
199.021803 1.174478
199.168444 1.190205
199.315014 1.190785
199.449612 1.296697
199.587277 1.267803
199.726004 1.258106
199.856585 1.336587
199.993283 1.276777
200.135846 1.224255
200.275356 1.251035
200.419563 1.210297
200.569908 1.160887
200.712510 1.223910
200.858537 1.195213
201.031736 1.007703
201.194341 1.073351
201.370782 0.989187
201.546297 0.994404
201.747689 0.866634
201.942479 0.896006
202.168684 0.771569
202.391635 0.782831
202.631997 0.726127
202.920266 0.605451
203.208659 0.605190
203.624349 0.419864
204.084152 0.379581
